1563104099441,44,27
1563104101019,44,27
1563104102624,43,27
1563104104204,43,27
1563104105807,43,27
1563104107407,43,27
1563104108992,43,27
1563104110573,43,27
1563104112181,43,27
1563104113761,43,27
1563104115363,43,27
1563104116942,43,27
1563104118546,43,27
1563104120127,43,27
1563104121730,43,27
1563104123311,43,27
1563104124915,43,27
1563104126495,43,27
1563104128099,43,27
1563104129679,43,27
1563104131284,43,27
1563104132864,43,27
1563104134470,43,27
1563104136047,43,27
1563104149921,43,27
1563104154860,43,27
1563104154861,43,27
1563104154861,43,27
1563104160912,43,27
1563104160912,43,27
1563104160912,43,27
1563104160912,43,27
1563104166094,43,27
1563104166094,43,27
1563104166094,43,27
1563104172155,43,27
1563104172155,43,27
1563104172155,43,27
1563104172156,43,27
1563104176181,43,27
1563104176181,43,27
1563104182254,43,27
1563104182254,43,27
1563104182254,43,27
1563104182254,43,27
1563104183171,43,27
1563104188356,43,27
1563104188356,43,27
1563104188356,43,27
1563104194436,43,27
1563104194436,43,27
1563104194436,43,27
1563104194436,43,27
1563104200528,43,27
1563104200528,43,27
1563104200528,43,27
1563104200528,43,27
1563104206564,43,27
1563104206564,43,27
1563104206564,43,27
1563104208592,43,27
1563104208592,43,27
1563104212638,43,27
1563104212638,43,27
1563104217682,43,27
1563104217682,43,27
1563104217682,43,27
1563104220847,43,27
1563104220847,43,27
1563104223826,43,27
1563104223827,43,27
1563104229027,43,27
1563104229027,43,27
1563104229027,43,27
1563104229027,43,27
1563104235124,43,27
1563104235124,43,27
1563104235124,43,27
1563104240047,43,27
1563104240047,43,27
1563104240047,43,27
1563104241150,43,27
1563104247214,43,27
1563104247214,43,27
1563104247214,43,27
1563104247214,43,27
1563104251263,43,27
1563104251263,43,27
1563104253304,43,27
1563104253304,43,27
1563104259351,43,27
1563104259351,43,27
1563104259351,43,27
1563104259351,43,27
1563104265399,43,27
1563104265399,43,27
1563104265399,43,27
1563104271458,43,27
1563104271458,43,27
1563104271459,43,27
1563104271459,43,27
1563104277554,43,27
1563104277554,43,27
1563104277554,43,27
1563104277554,43,27
1563104285724,43,27
1563104285724,43,27
1563104285724,43,27
1563104285724,43,27
1563104285724,43,27
1563104290734,43,27
1563104290734,43,27
1563104290734,43,27
1563104293925,43,27
1563104293925,43,27
1563104302088,43,27
1563104302088,43,27
1563104302088,43,27
1563104302088,43,27
1563104302088,43,27
1563104308166,43,27
1563104308166,43,27
1563104308166,43,27
1563104308166,43,27
1563104313158,43,27
1563104313158,43,27
1563104313158,43,27
1563104320396,43,27
1563104320396,43,27
1563104320396,43,27
1563104320396,43,27
1563104320396,43,27
1563104325362,43,27
1563104325362,43,27
1563104325362,43,27
1563104331558,43,27
1563104331558,43,27
1563104331558,43,27
1563104331558,43,27
1563104337704,43,27
1563104337704,43,27
1563104337704,43,27
1563104337704,43,27
1563104345822,43,27
1563104345822,43,27
1563104345822,43,27
1563104345822,43,27
1563104345822,43,27
1563104349897,43,27
1563104349897,43,27
1563104358033,43,27
1563104358033,43,27
1563104358033,43,27
1563104358033,43,27
1563104358033,43,27
1563104358033,43,27
1563104362106,43,27
1563104362106,43,27
1563104370236,43,27
1563104370236,43,27
1563104370236,43,27
1563104370236,43,27
1563104370236,43,27
1563104374314,43,27
1563104374314,43,27
1563104374314,43,27
1563104381551,43,27
1563104381551,43,27
1563104381551,43,27
1563104381551,43,27
1563104385613,43,27
1563104385613,43,27
1563104385613,43,27
1563104392649,43,27
1563104392649,43,27
1563104392649,43,27
1563104392649,43,27
1563104397863,43,27
1563104397863,43,27
1563104397863,43,27
1563104397863,43,27
1563104403994,43,27
1563104403994,43,27
1563104403994,43,27
1563104408971,43,27
1563104408971,43,27
1563104408971,43,27
1563104408971,43,27
1563104416201,43,27
1563104416201,43,27
1563104416201,43,27
1563104416201,43,27
1563104421168,43,27
1563104421168,43,27
1563104421168,43,27
1563104422288,43,27
1563104427253,43,27
1563104427253,43,27
1563104427253,43,27
1563104433303,43,27
1563104433303,43,27
1563104433303,43,27
1563104433303,43,27
1563104434420,43,27
1563104435931,43,27
1563104437511,43,27
1563104439116,43,27
1563104440696,43,27
1563104442300,43,27
1563104443879,43,27
1563104445485,43,27
1563104447065,43,27
1563104448671,43,27
1563104450249,43,27
1563104451853,43,27
1563104453434,43,27
1563104455037,43,27
1563104456618,43,27
1563104458222,43,27
1563104459800,43,27
1563104461409,43,27
1563104462985,43,27
1563104464589,43,27
1563104466169,43,27
1563104467775,43,27
1563104469352,43,27
1563104470957,43,27
1563104472536,43,27
1563104475766,43,27
1563104477370,43,27
1563104478950,43,27
1563104480554,43,27
1563104482133,43,27
1563104483737,43,27
1563104485317,43,27
1563104486922,43,27
1563104488501,43,27
1563104490108,43,27
1563104491687,43,27
1563104493289,43,27
1563104494870,43,27
1563104496474,43,27
1563104498054,43,27
1563104499658,43,27
1563104501238,43,27
1563104502841,43,27
1563104504422,43,27
1563104506024,43,27
1563104507605,43,27
1563104509210,43,27
1563104510790,43,27
1563104512391,43,27
1563104513970,43,27
1563104515581,43,27
1563104517155,43,27
1563104518760,43,27
1563104520339,43,27
1563104521947,43,27
1563104523524,43,27
1563104525129,43,27
1563104526709,43,27
1563104528313,43,27
1563104529893,43,27
1563104531497,43,27
1563104533077,43,27
1563104534681,43,27
1563104536263,43,27
1563104537864,43,27
1563104539443,43,27
1563104541048,43,27
1563104542627,43,27
1563104544231,43,27
1563104545811,43,27
1563114578313,46,27
1563114579903,46,27
1563114581518,46,27
1563114583108,46,27
1563114584723,46,27
1563114586317,46,27
1563114587928,46,27
1563114589519,46,27
1563114591133,46,27
1563114592723,46,27
1563114594338,46,27
1563114595930,46,27
1563114597543,45,27
1563114599133,45,27
1563114600750,46,27
1563114602338,46,27
1563114603952,46,27
1563114605542,46,27
1563114607157,46,27
1563114608747,46,27
1563114610362,46,27
1563114611952,46,27
1563114621811,46,27
1563114623427,46,27
1563114625017,46,27
1563114626632,46,27
1563114628222,46,27
1563114631525,46,27
1563114633141,46,27
1563114634731,46,27
1563114636346,46,27
1563114637936,46,27
1563114639552,46,27
1563114641140,46,27
1563114642754,46,27
1563114644344,46,27
1563114645959,46,27
1563114647551,46,27
1563114649164,46,27
1563114650754,46,27
1563114652369,46,27
1563114653959,46,27
1563114655573,46,27
1563114657163,46,27
1563114658778,46,27
1563114660368,46,27
1563114661983,46,27
1563114663574,46,27
1563114665187,46,27
1563114666776,46,27
1563114668393,46,27
1563114669985,46,27
1563114671597,46,26
1563114673187,46,26
1563114674802,46,27
1563114676392,46,27
1563114678006,46,27
1563114679595,46,27
1563114681210,46,27
1563114682800,46,27
1563114684417,46,27
1563114686004,46,27
1563114687618,46,27
1563114689208,46,27
1563114690823,46,27
1563114692413,46,27
1563114694027,46,27
1563114695617,46,27
1563114697231,46,27
1563114698822,46,27
1563114700437,46,27
1563114702074,46,27
1563114703737,45,27
1563114705376,45,27
1563114707038,46,27
1563114708628,46,27
1563114710244,45,27
1563114711833,45,27
1563114713448,45,27
1563114715040,45,27
1563114716652,45,27
1563114718244,45,27
1563114719858,46,27
1563114721448,46,27
1563114723063,46,27
1563114724652,46,27
1563114726267,46,27
1563114727858,46,27
1563114729477,46,27
1563114731063,46,27
1563114732677,46,27
1563114734270,46,27
1563114735883,46,27
1563114737472,46,27
1563114739087,45,27
1563114740678,45,27
1563114742293,45,27
1563114743883,45,27
1563114745549,45,27
1563114747184,45,27
1563114748848,45,27
1563114750482,45,27
1563114752144,45,27
1563114753782,45,27
1563114755443,45,27
1563114757084,45,27
1563114758749,45,27
1563114760385,45,27
1563114762049,48,27
1563114763691,48,27
1563114765353,47,27
1563114766991,47,27
1563114768654,47,27
1563114770294,47,27
1563114771957,46,27
1563114773595,46,27
1563114775259,46,27
1563114776895,46,27
1563114778560,46,27
1563114780198,46,27
1563114781862,53,27
1563114783500,53,27
1563114785163,68,27
1563114786804,68,27
1563114788468,61,27
1563114790105,61,27
1563114791768,65,27
1563114793407,65,27
1563114795069,65,27
1563114796708,65,27
1563114798369,69,27
1563114800012,69,27
1563114801680,0,0
1563114803317,0,0
1563114804980,0,0
1563114806614,0,0
1563114808283,0,27
1563114809923,69,27
1563114811586,88,27
1563114813223,88,27
1563114814886,92,28
1563114816525,92,28
1563114818192,0,0
1563114819828,0,0
1563114821489,77,28
1563114823128,77,28
1563114824792,62,28
1563114826433,62,28
1563114828102,57,28
1563114829736,57,28
1563114831398,54,28
1563114833035,54,28
1563114834697,52,28
1563114836335,52,28
1563114837997,50,28
1563114839641,50,28
1563114841305,49,28
1563114842944,49,28
1563114844607,48,28
1563114846244,48,28
1563114847906,47,28
1563114849544,47,28
1563114851206,46,28
1563114852849,46,28
1563114854515,46,28
1563114856153,46,28
1563114857818,45,28
1563114859455,45,28
1563114861116,45,28
1563114862753,45,28
1563114864415,44,28
1563114866059,44,28
1563114867724,44,28
1563114869365,44,28
1563114871028,44,28
1563114872665,44,28
1563114874327,44,28
1563114875964,44,28
1563114877627,44,28
1563114879271,44,28
1563114880937,44,28
1563114882574,44,28
1563114884239,43,28
1563114885876,43,28
1563114887538,43,28
1563114889175,43,28
1563114890837,43,28
1563114892480,43,28
1563114894145,43,28
1563114895788,43,28
1563114897450,43,28
1563114899085,43,28
1563114900747,43,28
1563114902384,43,28
1563114904046,43,28
1563114905689,43,28
1563114907354,43,28
1563114908995,43,28
1563114910662,43,28
1563114912296,43,28
1563114913958,43,28
1563114915597,43,28
1563114917259,43,28
1563114918902,43,28
1563114920564,43,28
1563114922204,43,28
1563114923867,43,28
1563114925503,43,28
1563114927166,43,28
1563114928803,43,28
1563114930465,43,28
1563114932109,43,28
1563114933776,44,28
1563114935413,44,28
1563114937081,44,28
1563114938718,44,28
1563114940383,44,28
1563114942022,44,28
1563114943685,44,28
1563114945322,44,28
1563114946984,44,28
1563114948624,44,28
1563114950289,44,28
1563114951927,44,28
1563114953590,44,28
1563114955229,44,28
1563114956844,43,28
1563114958434,43,28
1563114960047,43,28
1563114961637,43,28
1563114963258,43,28
1563114974744,44,28
1563114976361,44,28
1563114977949,44,28
1563114979565,43,28
1563114981154,43,28
1563114982768,43,28
1563114984359,43,28
1563114985973,43,28
1563114987563,43,28
1563114989181,43,28
1563114990769,43,28
1563114992383,43,28
1563114993980,43,28
1563114995588,43,28
1563114997181,43,28
1563114998793,43,28
1563115000383,43,28
1563115001997,43,28
1563115003589,43,28
1563115005202,43,28
1563115006792,43,28
1563115008406,43,28
1563115009996,43,28
1563115011610,42,27
1563115013200,42,27
1563115014815,42,27
1563115016407,42,27
1563115018020,43,27
1563115019662,43,27
1563115021327,42,27
1563115022966,42,27
1563115026219,43,27
1563115027881,42,27
1563115029520,42,27
1563115031184,43,27
1563115032821,43,27
1563115034486,43,27
1563115036121,43,27
1563115037783,43,27
1563115039428,43,27
1563115041092,43,27
1563115042730,43,27
1563115044393,43,27
1563115046030,43,27
1563115047693,43,27
1563115049283,43,27
1563115050899,43,27
1563115052488,43,27
1563115054103,43,27
1563115055693,43,27
1563115057308,43,27
1563115058901,43,27
1563115060513,43,27
1563115062103,43,27
1563115063718,43,27
1563115065308,43,27
1563115066923,43,27
1563115068512,43,27
1563115070126,43,27
1563115071722,43,27
1563115073331,43,27
1563115074920,43,27
1563115076534,43,27
1563115078124,43,27
1563115079738,43,27
1563115081328,43,27
1563115082945,43,27
1563115084533,43,27
1563115086148,43,27
1563115087738,43,27
1563115089355,43,27
1563115090943,43,27
1563115092557,43,27
1563115094146,43,27
1563115095765,43,27
1563115097352,43,27
1563115098966,43,27
1563115100556,43,27
1563115102173,43,27
1563115103761,43,27
1563115105376,43,27
1563115106970,43,27
1563115108580,43,27
1563115292162,43,27
1563115293752,43,27
1563115295367,43,27
1563115296957,43,27
1563115298571,43,27
1563115300162,43,27
1563115301777,43,27
1563115303367,43,27
1563115304982,43,27
1563115306572,43,27
1563115308187,43,27
1563115309780,43,27
1563115311392,43,27
1563115312982,43,27
1563115314597,43,27
1563115316186,43,27
1563115317808,43,27
1563115319391,43,27
1563115321007,43,27
1563115322596,43,27
1563115324212,43,27
1563115325804,43,27
1563115327416,43,27
1563115329006,43,27
1563115330622,43,27
1563115332212,43,27
1563115333827,43,27
1563115335416,43,27
1563115337034,43,27
1563115338621,43,27
1563115340237,43,27
1563115341827,43,27
1563115343441,43,27
1563115345032,43,27
1563115346647,43,27
1563115348236,43,27
1563115349852,43,27
1563115351441,43,27
1563115353056,44,27
1563115354646,44,27
1563115356263,44,27
1563115357851,44,27
1563115359466,43,27
1563115361056,43,27
1563115362671,44,27
1563115364261,44,27
1563115365878,44,27
1563115367467,44,27
1563115708521,43,27
1563115710110,43,27
1563115711726,45,27
1563115713316,45,27
1563115714931,46,27
1563115716521,46,27
1563115718135,45,27
1563115719726,45,27
1563115721341,45,27
1563115861308,45,27
1563115862897,45,27
1563115864511,44,27
1563115866103,44,27
1563115867717,44,27
1563115869306,44,27
1563115870922,45,27
1563115872511,45,27
1563115874126,45,26
1563115875716,45,26
1563115877331,45,26
1563115878921,45,26
1563115880536,45,26
1563115882126,45,26
1563115883742,45,26
1563115885331,45,26
1563115886946,45,26
1563115888536,45,26
1563115890152,45,26
1563115891741,45,26
1563115893360,45,26
1563115894946,45,26
1563115896561,45,26
1563115898151,45,26
1563115899767,45,26
1563115901357,45,26
1563115902971,45,26
1563115904561,45,26
1563115906176,45,26
1563115907767,45,26
1563115909381,45,26
1563115910972,45,26
1563115912586,45,26
1563115914176,45,26
1563119420724,44,26
1563119422314,44,26
1563119423929,47,26
1563119425519,47,26
1563119427134,47,26
1563119428724,47,26
1563119430341,47,26
1563119431928,47,26
1563119433544,47,26
1563119435134,47,26
1563119436749,47,26
1563119438340,47,26
1563119439952,47,26
1563119441543,47,26
1563119443159,47,26
1563119444747,47,26
1563119446362,47,26
1563119447952,47,26
1563119449568,47,26
1563119451158,47,26
1563119452772,47,26
1563119454362,47,26
1563119455976,47,26
1563119457566,47,26
1563119459180,47,26
1563119460772,47,26
1563119462385,47,26
1563119463978,47,26
1563119465591,47,26
1563119467180,47,26
1563119468795,47,26
1563119470385,47,26
1563119472000,47,26
1563119473590,47,26
1563119475205,46,26
1563119476795,46,26
1563119478410,46,26
1563119480000,46,26
1563119481615,46,26
1563119483205,46,26
1563119484820,47,26
1563119486410,47,26
1563119488025,46,26
1563119489615,46,26
1563119491230,46,26
1563119492824,46,26
1563119494435,47,26
1563119496025,47,26
1563119497639,46,26
1563119499228,46,26
1563119500843,47,26
1563119502433,47,26
1563119504048,46,26
1563119505639,46,26
1563119507252,47,26
1563119508842,47,26
1563119510457,46,26
1563119512047,46,26
1563119513661,46,26
1563119515251,46,26
1563119516866,46,26
1563119518456,46,26
1563119520071,46,26
1563119521661,46,26
1563119523276,46,26
1563119524867,46,26
1563119526481,46,26
1563119528070,46,26
1563119529688,46,26
1563119531274,46,26
1563119532889,46,26
1563119534479,46,26
1563119536093,46,26
1563119537683,46,26
1563119539297,46,26
1563119540887,46,26
1563119542502,46,26
1563119544091,46,26
1563119545705,46,26
1563119547295,46,26
1563119548910,46,26
1563119550500,46,26
1563119552115,46,26
1563119553704,46,26
1563119555319,46,26
1563119556907,46,26
1563119558521,46,26
1563119560111,46,26
1563119561728,46,26
1563119563314,46,26
1563119564930,46,26
1563119566519,46,26
1563119568134,46,26
1563119569722,46,26
1563119571336,46,26
1563119572926,46,26
1563119574541,46,26
1563119576130,46,26
1563119577745,46,26
1563119579334,46,26
1563119580949,47,26
1563119582537,47,26
1563119584151,47,26
1563119585740,47,26
1563119587355,47,26
1563119588945,47,26
1563119590560,47,26
1563119592152,47,26
1563119593764,46,26
1563119595354,46,26
1563119596969,46,26
1563119598559,46,26
1563119600174,46,26
1563119601763,46,26
1563119603378,46,26
1563119604968,46,26
1563119606585,46,26
1563119608173,46,26
1563119609788,46,26
1563119611378,46,26
1563119612992,47,26
1563119614582,47,26
1563119616196,47,26
1563119617786,47,26
1563119619401,46,26
1563119620991,46,26
1563119622606,46,26
1563119624198,46,26
1563119625810,46,26
1563119627400,46,26
1563119629015,46,26
1563119630605,46,26
1563119632222,47,26
1563119633811,47,26
1563119635424,47,26
1563119637014,47,26
1563119638632,47,26
1563119640218,47,26
1563119641834,46,26
1563119643423,46,26
1563119645038,46,26
1563119646628,46,26
1563119648242,46,26
1563119649835,46,26
1563119651448,46,26
1563119653038,46,26
1563119654653,46,26
1563119656242,46,26
1563119657857,47,26
1563119659446,47,26
1563119661062,47,26
1563119662651,47,26
1563119664267,47,26
1563119665857,47,26
1563119667471,47,26
1563119669061,47,26
1563119670676,46,26
1563119672266,46,26
1563119673881,46,26
1563119675471,46,26
1563119677085,46,26
1563119678674,46,26
1563119680288,46,26
1563119681878,46,26
1563119683492,46,26
1563119685082,46,26
1563119686699,47,26
1563119688289,47,26
1563119689902,47,26
1563119691491,47,26
1563119693106,47,26
1563119694695,47,26
1563119696309,47,26
1563119698275,47,26
1563119699865,47,26
1563119701480,47,26
1563119703070,47,26
1563119704685,47,26
1563119706274,47,26
1563119707888,47,26
1563119709478,47,26
1563119711094,46,26
1563119712683,46,26
1563119714297,46,26
1563119715887,46,26
1563119717501,46,26
1563119719091,46,26
1563119720706,46,26
1563119722295,46,26
1563119723910,46,26
1563119725500,46,26
1563119727115,46,26
1563119728703,46,26
1563119730317,46,26
1563119731907,46,26
1563119733521,46,26
1563119735110,46,26
1563119736725,46,26
1563119738314,46,26
1563119739928,46,26
1563119741518,46,26
1563119743132,46,26
1563119744730,46,26
1563119746336,46,26
1563119747926,46,26
1563119749541,46,26
1563119751130,46,26
1563119752744,46,26
1563119754333,46,26
1563119755948,46,26
1563119757538,46,26
1563119759152,46,26
1563119760742,46,26
1563119762356,46,26
1563119763946,46,26
1563119765561,46,26
1563119767153,46,26
1563119768764,46,26
1563119770354,46,26
1563119771970,46,26
1563119773558,46,26
1563119775174,46,26
1563119776763,46,26
1563119778376,46,26
1563119779965,46,26
1563119781580,46,26
1563119783169,46,26
1563119784783,46,26
1563119786373,46,26
1563119787989,46,26
1563119789580,46,26
1563119791193,46,26
1563119792787,46,26
1563119794398,46,26
1563119795987,46,26
1563119797603,46,26
1563119799192,46,26
1563119800806,46,26
1563119802396,46,26
1563119804009,46,26
1563119805599,46,26
1563119807216,46,26
1563119808802,46,26
1563119810418,46,26
1563119812007,46,26
1563119813621,46,26
1563119815212,46,26
1563119816825,47,26
1563119818414,47,26
1563119820028,47,26
1563119821618,47,26
1563119823233,48,26
1563119824823,48,26
1563119826440,48,26
1563119828028,48,26
1563119829643,48,26
1563119831233,48,26
1563119832848,48,26
1563119834438,48,26
1563119836053,48,26
1563119837643,48,26
1563119839258,48,26
1563119840847,48,26
1563119842462,47,26
1563119844053,47,26
1563119845666,47,26
1563119847256,47,26
1563119848871,47,26
1563119850461,47,26
1563119852077,47,26
1563119853668,47,26
1563119855281,47,26
1563119856871,47,26
1563119858486,47,26
1563119860076,47,26
1563119861691,47,26
1563119863281,47,26
1563119864896,47,26
1563119866486,47,26
1563119868101,47,26
1563119869691,47,26
1563119871306,47,26
1563119872896,47,26
1563119874511,47,26
1563119876101,47,26
1563119877716,47,26
1563119879306,47,26
1563119880920,47,26
1563119882510,47,26
1563119884124,47,26
1563119885714,47,26
1563119887329,47,26
1563119888918,47,26
1563119890533,47,26
1563119892123,47,26
1563119893738,47,26
1563119895327,47,26
1563119896942,47,26
1563119898533,47,26
1563119900147,48,26
1563119901737,48,26
1563119903352,47,26
1563119904942,47,26
1563119906557,48,26
1563119908147,48,26
1563119909762,48,26
1563119911352,48,26
1563119912971,47,26
1563119914556,47,26
1563119916171,48,26
1563119917761,48,26
1563119919376,48,26
1563119920967,48,26
1563119922583,48,26
1563119924172,48,26
1563119925786,48,26
1563119927377,48,26
1563119928999,0,28
1563119930587,48,28
1563119932202,48,26
1563119933793,48,26
1563119935407,48,26
1563119936997,48,26
1563119938613,48,26
1563119940202,48,26
1563119941816,48,26
1563119943406,48,26
1563119945022,48,26
1563119946611,48,26
1563119948226,48,26
1563119949816,48,26
1563119951431,48,26
1563119953023,48,26
1563119954637,48,26
1563119956226,48,26
1563119957841,48,26
1563119959431,48,26
1563119961046,48,26
1563119962636,48,26
1563119964251,48,26
1563119965841,48,26
1563119967455,48,26
1563119969045,48,26
1563119970659,48,26
1563119972249,48,26
1563119973865,48,26
1563119975454,48,26
1563119977069,48,26
1563119978659,48,26
1563119980274,48,26
1563119981864,48,26
1563119983479,48,26
1563119985070,48,26
1563119986684,48,26
1563119988274,48,26
1563119989890,48,26
1563119991479,48,26
1563119993093,48,26
1563119994687,48,26
1563119996297,48,26
1563119997887,48,26
1563119999501,48,26
1563120001091,48,26
1563120002709,48,26
1563120004295,48,26
1563120005910,47,26
1563120007500,47,26
1563120009115,48,26
1563120010703,48,26
1563120012319,47,26
1563120013908,47,26
1563120015523,48,26
1563120017113,48,26
1563120018729,47,26
1563120020318,47,26
1563120021934,47,26
1563120023522,47,26
1563120025137,48,26
1563120026727,48,26
1563120028341,47,26
1563120029931,47,26
1563120031545,48,26
1563120033135,48,26
1563120034749,47,26
1563120036338,47,26
1563120037952,48,26
1563120039542,48,26
1563120041157,48,26
1563120042747,48,26
1563120044362,47,26
1563120045951,47,26
1563120047565,47,26
1563120049154,47,26
1563120050768,47,26
1563120052357,47,26
1563120053976,47,26
1563120055562,47,26
1563120057176,47,26
1563120058766,47,26
1563120060381,47,26
1563120061971,47,26
1563120063585,47,26
1563120065175,47,26
1563120066790,47,26
1563120068378,47,26
1563120069992,47,26
1563120071582,47,26
1563120073197,47,26
1563120074787,47,26
1563120076404,47,26
1563120077991,47,26
1563120079606,47,26
1563120081196,47,26
1563120082810,47,26
1563120084399,47,26
1563120086015,47,26
1563120087603,47,26
1563120089217,47,26
1563120090807,47,26
1563120092420,47,26
1563120094009,47,26
1563120095622,47,26
1563120097212,47,26
1563120098827,47,26
1563120100416,47,26
1563120102031,47,26
1563120103621,47,26
1563120105235,47,26
1563120106825,47,26
1563120108439,47,26
1563120110029,47,26
1563120111643,47,26
1563120113233,47,26
1563120114846,47,26
1563120116436,47,26
1563120118050,47,26
1563120119640,47,26
1563120121254,47,26
1563120122843,47,26
1563120124456,47,26
1563120126047,47,26
1563120127662,47,26
1563120129252,47,26
1563120130865,47,26
1563120132454,47,26
1563120134069,47,26
1563120135659,47,26
1563120137272,47,26
1563120138862,47,26
1563120140476,47,26
1563120142067,47,26
1563120143680,47,26
1563120145271,47,26
1563120146885,47,26
1563120148474,47,26
1563120150088,47,26
1563120151678,47,26
1563120153292,47,26
1563120154881,47,26
1563120156495,47,26
1563120158085,47,26
1563120159700,47,26
1563120161292,47,26
1563120162905,47,26
1563120164495,47,26
1563120166110,47,26
1563120167699,47,26
1563120169314,47,26
1563120170902,47,26
1563120172516,47,26
1563120174106,47,26
1563120175720,47,26
1563120177310,47,26
1563120178925,47,26
1563120180515,47,26
1563120182129,47,26
1563120183719,47,26
1563120185333,47,26
1563120186923,47,26
1563120188537,47,26
1563120190126,47,26
1563120191741,47,26
1563120193330,47,26
1563120194945,47,26
1563120196535,47,26
1563120198149,47,26
1563120199739,47,26
1563120201353,47,26
1563120202943,47,26
1563120204558,47,26
1563120206148,47,26
1563120207763,47,26
1563120209353,47,26
1563120210969,47,26
1563120212555,47,26
1563120214169,47,26
1563120215758,47,26
1563120217372,47,26
1563120218963,47,26
1563120220575,47,26
1563120222165,47,26
1563120223779,47,26
1563120225368,47,26
1563120226982,47,26
1563120228572,47,26
1563120230185,47,26
1563120231775,47,26
1563120233389,47,26
1563120234978,47,26
1563120236592,47,26
1563120238184,47,26
1563120239795,47,26
1563120241386,47,26
1563120243000,47,26
1563120244589,47,26
1563120246202,47,26
1563120247791,47,26
1563120249405,47,26
1563120250995,47,26
1563120252609,47,26
1563120254199,47,26
1563120255813,47,26
1563120257402,47,26
1563120259018,47,26
1563120260609,47,26
1563120262222,47,26
1563120263813,47,26
1563120265425,47,26
1563120267015,47,26
1563120268629,46,26
1563120270218,46,26
1563120271832,46,26
1563120273422,46,26
1563120275037,46,26
1563120276625,46,26
1563120278239,46,26
1563120279828,46,26
1563120281443,46,26
1563120283032,46,26
1563120284646,46,26
1563120286236,46,26
1563120287851,46,26
1563120289441,46,26
1563120291055,46,26
1563120292645,46,26
1563120294259,46,26
1563120295848,46,26
1563120297462,46,26
1563120299052,46,26
1563120300667,46,26
1563120302256,46,26
1563120303870,46,26
1563120305460,46,26
1563120307074,46,26
1563120308664,46,26
1563120310278,46,26
1563120311868,46,26
1563120313482,46,26
1563120315072,46,26
1563120316686,46,26
1563120318275,46,26
1563120319890,46,26
1563120321481,46,26
1563120323094,46,26
1563120324684,46,26
1563120326298,46,26
1563120327887,46,26
1563120329501,46,26
1563120331091,46,26
1563120332709,46,26
1563120334296,46,26
1563120335911,46,26
1563120337502,46,26
1563120339116,46,26
1563120340706,46,26
1563120342321,46,26
1563120343911,46,26
1563120345526,46,26
1563120347116,46,26
1563120348730,46,26
1563120350322,46,26
1563120351934,46,26
1563120353524,46,26
1563120355138,46,26
1563120356729,46,26
1563120358343,46,26
1563120359932,46,26
1563120361547,46,26
1563120363134,46,26
1563120364749,46,26
1563120366338,46,26
1563120367952,46,26
1563120369541,46,26
1563120371155,46,26
1563120372747,46,26
1563120374359,46,26
1563120375949,46,26
1563120377564,46,26
1563120379154,46,26
1563120380769,46,26
1563120382356,46,26
1563120383970,46,26
1563120385560,46,26
1563120387174,46,26
1563120388764,46,26
1563120390378,46,26
1563120391968,46,26
1563120393583,46,26
1563120395173,46,26
1563120396786,46,26
1563120398376,46,26
1563120399990,46,26
1563120401580,46,26
1563120403193,46,26
1563120404783,46,26
1563120406398,46,26
1563120407989,46,26
1563120409602,46,26
1563120411191,46,26
1563120412806,46,26
1563120414395,46,26
1563120416009,46,26
1563120417599,46,26
1563120419212,46,26
1563120420802,46,26
1563120422416,46,26
1563120424006,46,26
1563120425620,47,26
1563120427210,47,26
1563120428824,47,26
1563120430415,47,26
1563120432030,47,26
1563120433618,47,26
1563120435233,47,26
1563120436823,47,26
1563120438438,47,26
1563120440028,47,26
1563120441642,47,26
1563120443232,47,26
1563120444846,47,26
1563120446436,47,26
1563120448050,47,26
1563120449640,47,26
1563120451255,47,26
1563120452845,47,26
1563120454459,47,26
1563120456049,47,26
1563120457664,47,26
1563120459254,47,26
1563120460869,47,26
1563120462459,47,26
1563120464074,47,26
1563120465664,47,26
1563120467279,47,26
1563120468868,47,26
1563120470483,47,26
1563120472076,47,26
1563120473686,47,26
1563120475276,47,26
1563120476891,47,26
1563120478482,47,26
1563120480097,47,26
1563120481686,47,26
1563120483301,47,26
1563120484892,47,26
1563120486506,47,26
1563120488095,47,26
1563120489710,47,26
1563120491300,47,26
1563120492914,47,26
1563120494504,47,26
1563120496119,47,26
1563120497709,47,26
1563120499324,47,26
1563120500914,47,26
1563120502528,47,26
1563120504118,47,26
1563120505731,47,26
1563120507320,47,26
1563120508935,47,26
1563120510524,47,26
1563120512138,47,26
1563120513728,47,26
1563120515343,47,26
1563120516933,47,26
1563120518547,47,26
1563120520139,47,26
1563120521751,47,26
1563120523340,47,26
1563120524954,47,26
1563120526544,47,26
1563120528158,47,26
1563120529748,47,26
1563120531367,47,27
1563120532951,47,27
1563120534565,47,27
1563120536154,47,27
1563120537768,47,27
1563120539357,47,27
1563120540971,47,27
1563120542561,47,27
1563120544175,47,27
1563120545765,47,27
1563120547379,47,27
1563120548969,47,27
1563120550583,47,27
1563120552173,47,27
1563120553791,47,27
1563120555377,47,27
1563120556991,47,27
1563120558581,47,27
1563120560196,47,27
1563120561786,47,27
1563120563400,47,27
1563120564991,47,27
1563120566605,47,27
1563120568193,47,27
1563120569808,47,27
1563120571397,47,27
1563120573011,47,27
1563120574600,47,27
1563120576217,47,27
1563120577804,47,27
1563120579419,47,27
1563120581009,47,27
1563120582623,47,27
1563120584213,47,27
1563120585828,47,27
1563120587418,47,27
1563120589032,47,27
1563120590622,47,27
1563120592237,47,27
1563120593826,47,27
1563120595440,47,27
1563120597029,47,27
1563120598645,47,27
1563120600233,47,27
1563120601847,47,27
1563120603437,47,27
1563120605051,47,27
1563120606641,47,27
1563120608255,47,27
1563120609844,47,27
1563120611460,47,27
1563120613050,47,27
1563120614664,47,27
1563120616256,47,27
1563120617867,47,27
1563120619458,47,27
1563120621071,47,27
1563120622660,47,27
1563120624275,47,27
1563120625866,47,27
1563120627477,47,27
1563120629066,47,27
1563120630680,47,27
1563120632270,47,27
1563120633884,47,27
1563120635475,47,27
1563120637089,47,27
1563120638680,47,27
1563120640292,47,27
1563120641882,47,27
1563120643497,47,27
1563120645088,47,27
1563120646701,47,27
1563120648293,47,27
1563120649906,47,27
1563120651496,47,27
1563120653110,47,27
1563120654700,47,27
1563120656314,47,27
1563120657903,47,27
1563120659517,47,27
1563120661107,47,27
1563120662720,47,27
1563120664309,47,27
1563120665923,47,27
1563120667512,47,27
1563120669126,47,27
1563120670715,47,27
1563120672330,47,27
1563120673920,47,27
1563120675534,47,27
1563120677124,47,27
1563120678738,47,27
1563120680327,47,27
1563120681941,47,27
1563120683532,47,27
1563120685145,47,27
1563120686735,47,27
1563120688349,47,27
1563120689938,47,27
1563120691552,47,27
1563120693142,47,27
1563120694756,47,27
1563120696345,47,27
1563120697959,47,27
1563120699549,47,27
1563120701164,47,27
1563120702753,47,27
1563120704367,47,27
1563120705957,47,27
1563120707571,47,27
1563120709161,47,27
1563120710775,47,27
1563120712365,47,27
1563120713979,47,27
1563120715569,47,27
1563120717183,47,27
1563120718773,47,27
1563120720386,47,27
1563120721976,47,27
1563120723589,47,27
1563120725178,47,27
1563120726793,47,27
1563120728383,47,27
1563120729996,47,27
1563120731586,47,27
1563120733200,47,27
1563120734791,47,27
1563120736404,47,27
1563120737994,47,27
1563120739608,47,27
1563120741198,47,27
1563120742812,47,27
1563120744401,47,27
1563120746016,47,27
1563120747604,47,27
1563120749219,47,27
1563120750808,47,27
1563120752422,47,27
1563120754012,47,27
1563120755626,47,27
1563120757215,47,27
1563120758830,47,27
1563120760421,47,27
1563120762034,47,27
1563120763623,47,27
1563120765237,47,27
1563120766826,47,27
1563120768440,47,27
1563120770029,47,27
1563120771643,47,27
1563120773237,47,27
1563120774846,47,27
1563120776436,47,27
1563120778051,47,27
1563120779639,47,27
1563120781253,47,27
1563120782842,47,27
1563120784456,47,27
1563120786047,47,27
1563120787659,47,27
1563120789249,47,27
1563120790863,47,27
1563120792453,47,27
1563120794075,0,11
1563120795664,47,11
1563120797278,47,27
1563120798867,47,27
1563120800482,47,27
1563120802072,47,27
1563120803687,47,27
1563120805276,47,27
1563120806889,47,27
1563120808479,47,27
1563120810098,47,27
1563120811684,47,27
1563120813298,47,27
1563120814887,47,27
1563120816502,47,27
1563120818090,47,27
1563120819705,47,27
1563120821295,47,27
1563120822908,47,27
1563120824497,47,27
1563120826114,47,27
1563120827701,47,27
1563120829315,47,27
1563120830905,47,27
1563120832523,47,27
1563120834110,47,27
1563120835724,47,27
1563120837314,47,27
1563120838928,47,27
1563120840518,47,27
1563120842132,47,27
1563120843722,47,27
1563120845336,47,27
1563120846926,47,27
1563120848540,47,27
1563120850129,47,27
1563120851744,48,27
1563120853334,48,27
1563120854949,48,27
1563120856537,48,27
1563120858152,48,27
1563120859742,48,27
1563120861356,48,27
1563120862946,48,27
1563120864560,48,27
1563120866153,48,27
1563120867764,48,27
1563120869353,48,27
1563120870966,48,27
1563120872557,48,27
1563120874172,48,27
1563120875762,48,27
1563120877376,48,27
1563120878965,48,27
1563120880582,48,27
1563120882171,48,27
1563120883785,48,27
1563120885375,48,27
1563120886989,48,27
1563120888579,48,27
1563120890194,48,27
1563120891783,48,27
1563120893398,48,27
1563120894989,48,27
1563120896603,48,27
1563120898192,48,27
1563120899805,48,27
1563120901394,48,27
1563120903009,48,27
1563120904598,48,27
1563120906213,48,27
1563120907802,48,27
1563120909416,48,27
1563120911005,48,27
1563120912620,48,27
1563120914210,48,27
1563120915824,48,27
1563120917415,48,27
1563120919030,48,27
1563120920620,48,27
1563120922234,48,27
1563120923823,48,27
1563120925437,49,28
1563120927027,49,28
1563120928642,48,27
1563120930233,48,27
1563120931846,49,28
1563120933436,49,28
1563120935051,49,28
1563120936640,49,28
1563120938254,49,28
1563120939843,49,28
1563120941458,49,28
1563120943049,49,28
1563120944662,49,28
1563120946252,49,28
1563120947868,49,28
1563120949456,49,28
1563120951070,49,28
1563120952660,49,28
1563120954277,49,28
1563120955863,49,28
1563120957477,49,28
1563120959066,49,28
1563120960680,49,28
1563120962269,49,28
1563120963885,49,28
1563120965474,49,28
1563120967087,49,28
1563120968676,49,28
1563120970290,49,28
1563120971879,49,28
1563120973494,49,28
1563120975084,49,28
1563120976697,49,28
1563120978286,49,28
1563120979900,49,28
1563120981489,49,28
1563120983103,49,28
1563120984693,49,28
1563120986307,49,28
1563120987896,49,28
1563120989510,49,28
1563120991100,49,28
1563120992715,49,28
1563120994304,49,28
1563120995918,49,28
1563120997508,49,28
1563120999123,49,28
1563121000711,49,28
1563121002326,49,28
1563121003916,49,28
1563121005531,49,28
1563121007122,49,28
1563121008734,49,28
1563121010323,49,28
1563121011937,49,28
1563121013526,49,28
1563121015140,49,28
1563121016729,49,28
1563121018343,49,28
1563121019933,49,28
1563121021546,49,28
1563121023137,49,28
1563121024752,49,28
1563121026340,49,28
1563121027955,49,28
1563121029544,49,28
1563121031157,50,28
1563121032748,50,28
1563121034361,50,28
1563121035952,50,28
1563121037566,50,28
1563121039156,50,28
1563121040770,50,28
1563121042362,50,28
1563121043975,50,28
1563121045565,50,28
1563121047179,50,28
1563121048768,50,28
1563121050382,50,28
1563121051972,50,28
1563121053585,50,28
1563121055175,50,28
1563121056788,50,28
1563121058377,50,28
1563121059992,50,28
1563121061582,50,28
1563121063198,50,28
1563121064787,50,28
1563121066401,50,28
1563121067990,50,28
1563121069604,50,28
1563121071194,50,28
1563121072809,50,28
1563121074401,50,28
1563121076013,50,28
1563121077603,50,28
1563121079217,50,28
1563121080806,50,28
1563121082422,51,28
1563121084010,51,28
1563121085624,51,28
1563121087214,51,28
1563121088831,51,28
1563121090417,51,28
1563121092031,51,28
1563121093621,51,28
1563121095235,51,28
1563121096825,51,28
1563121098439,51,28
1563121100028,51,28
1563121101642,51,28
1563121103232,51,28
1563121104848,51,28
1563121106436,51,28
1563121108050,51,28
1563121109639,51,28
1563121111253,51,28
1563121112843,51,28
1563121114458,51,28
1563121116047,51,28
1563121117661,51,28
1563121119250,51,28
1563121120864,51,28
1563121122454,51,28
1563121124069,51,28
1563121125657,51,28
1563121127275,51,28
1563121128861,51,28
1563121130475,51,28
1563121132065,51,28
1563121133678,51,28
1563121135268,51,28
1563121136882,50,28
1563121138471,50,28
1563121140085,50,28
1563121141676,50,28
1563121143288,50,28
1563121144877,50,28
1563121146491,50,28
1563121148081,50,28
1563121149695,50,28
1563121151285,50,28
1563121152900,50,28
1563121154490,50,28
1563121156104,50,28
1563121157693,50,28
1563121159307,50,28
1563121160896,50,28
1563121162510,50,28
1563121164099,50,28
1563121165713,50,28
1563121167302,50,28
1563121168916,50,28
1563121170506,50,28
1563121172120,50,28
1563121173709,50,28
1563121175323,50,28
1563121176912,50,28
1563121178526,50,28
1563121180116,50,28
1563121181730,50,28
1563121183319,50,28
1563121184933,50,28
1563121186523,50,28
1563121188137,50,28
1563121189727,50,28
1563121191341,50,28
1563121192931,50,28
1563121194546,50,28
1563121196136,50,28
1563121197751,50,28
1563121199342,50,28
1563121200955,50,28
1563121202545,50,28
1563121204159,50,28
1563121205748,50,28
1563121207363,50,28
1563121208952,50,28
1563121210566,50,28
1563121212156,50,28
1563121213770,50,28
1563121215359,50,28
1563121216973,50,28
1563121218563,50,28
1563121220178,50,28
1563121221768,50,28
1563121223384,50,28
1563121224971,50,28
1563121226585,50,28
1563121228173,50,28
1563121229787,50,28
1563121231380,50,28
1563121232992,50,28
1563121234584,50,28
1563121236195,49,27
1563121237785,49,27
1563121239402,50,28
1563121240991,50,28
1563121242605,49,27
1563121244194,49,27
1563121245810,49,27
1563121247398,49,27
1563121249012,49,27
1563121250602,49,27
1563121252215,49,27
1563121253805,49,27
1563121255419,49,27
1563121257009,49,27
1563121258623,49,27
1563121260213,49,27
1563121261829,49,27
1563121263417,49,27
1563121265032,49,27
1563121266621,49,27
1563121268236,49,27
1563121269824,49,27
1563121271438,49,27
1563121273028,49,27
1563121274643,49,27
1563121276232,49,27
1563121277847,48,27
1563121279436,48,27
1563121281050,49,27
1563121282641,49,27
1563121284254,49,27
1563121285843,49,27
1563121287457,48,27
1563121289047,48,27
1563121290661,49,27
1563121292250,49,27
1563121293864,48,27
1563121295454,48,27
1563121297068,49,27
1563121298658,49,27
1563121300273,49,27
1563121301861,49,27
1563121303476,49,27
1563121305065,49,27
1563121306680,49,27
1563121308268,49,27
1563121309882,49,27
1563121311472,49,27
1563121313087,48,27
1563121314676,48,27
1563121316291,49,27
1563121317880,49,27
1563121319495,49,27
1563121321085,49,27
1563121322700,48,27
1563121324289,48,27
1563121325903,48,27
1563121327492,48,27
1563121329105,48,27
1563121330696,48,27
1563121332311,48,27
1563121333900,48,27
1563121335515,48,27
1563121337105,48,27
1563121338719,48,27
1563121340310,48,27
1563121341924,49,27
1563121343513,49,27
1563121345128,48,27
1563121346719,48,27
1563121348333,48,27
1563121349922,48,27
1563121351535,48,27
1563121353125,48,27
1563121354740,49,27
1563121356330,49,27
1563121357943,48,27
1563121359533,48,27
1563121361147,48,27
1563121362738,48,27
1563121364352,48,27
1563121365943,48,27
1563121367556,48,27
1563121369145,48,27
1563121370760,48,27
1563121372350,48,27
1563121373964,48,27
1563121375555,48,27
1563121377167,48,27
1563121378757,48,27
1563121380372,48,27
1563121381961,48,27
1563121383576,48,27
1563121385165,48,27
1563121386780,48,27
1563121388369,48,27
1563121389983,48,27
1563121391573,48,27
1563121393189,48,27
1563121394778,48,27
1563121396392,48,27
1563121397981,48,27
1563121399595,48,27
1563121401184,48,27
1563121402799,48,27
1563121404388,48,27
1563121406004,48,27
1563121407592,48,27
1563121409206,48,27
1563121410797,48,27
1563121412412,48,27
1563121414000,48,27
1563121415615,48,27
1563121417205,48,27
1563121418819,48,27
1563121420408,48,27
1563121422022,48,27
1563121423612,48,27
1563121425227,48,27
1563121426817,48,27
1563121428431,48,27
1563121430021,48,27
1563121431635,48,27
1563121433225,48,27
1563121434840,48,27
1563121436429,48,27
1563121438043,48,27
1563121439633,48,27
1563121441247,48,27
1563121442839,48,27
1563121444451,48,27
1563121446041,48,27
1563121447654,48,27
1563121449244,48,27
1563121450860,48,27
1563121452448,48,27
1563121454062,48,27
1563121455651,48,27
1563121457266,48,27
1563121458855,48,27
1563121460470,48,27
1563121462060,48,27
1563121463674,48,27
1563121465263,48,27
1563121466877,48,27
1563121468467,48,27
1563121470081,48,27
1563121471671,48,27
1563121473286,48,27
1563121474874,48,27
1563121476489,48,27
1563121478078,48,27
1563121479692,48,27
1563121481283,48,27
1563121482897,48,27
1563121484486,48,27
1563121486100,48,27
1563121487690,48,27
1563121489305,48,27
1563121490895,48,27
1563121492509,48,27
1563121494099,48,27
1563121495715,48,27
1563121497304,48,27
1563121498918,48,27
1563121500508,48,27
1563121502123,48,27
1563121503712,48,27
1563121505328,48,27
1563121506916,48,27
1563121508530,48,27
1563121510120,48,27
1563121511735,48,27
1563121513325,48,27
1563121514939,48,27
1563121516529,48,27
1563121518143,48,27
1563121519733,48,27
1563121521348,48,27
1563121522938,48,27
1563121524553,48,27
1563121526142,48,27
1563121527756,48,27
1563121529347,48,27
1563121530960,48,27
1563121532550,48,27
1563121534164,48,27
1563121535754,48,27
1563121537368,48,27
1563121538958,48,27
1563121540573,48,27
1563121542162,48,27
1563121543776,48,27
1563121545365,48,27
1563121546979,48,27
1563121548569,48,27
1563121550183,48,27
1563121551773,48,27
1563121553387,48,27
1563121554977,48,27
1563121556594,48,27
1563121558181,48,27
1563121559796,48,27
1563121561384,48,27
1563121562999,48,27
1563121564592,48,27
1563121566203,48,27
1563121567793,48,27
1563121569407,48,27
1563121570997,48,27
1563121572613,48,27
1563121574207,48,27
1563121575818,48,27
1563121577407,48,27
1563121579021,48,27
1563121580609,48,27
1563121582224,48,27
1563121583814,48,27
1563121585430,48,27
1563121587019,48,27
1563121588634,48,27
1563121590223,48,27
1563121591838,48,27
1563121593426,48,27
1563121595041,48,27
1563121596632,48,27
1563121598246,48,27
1563121599835,48,27
1563121601448,48,27
1563121603039,48,27
1563121604652,48,27
1563121606242,48,27
1563121607856,48,27
1563121609447,48,27
1563121611061,48,27
1563121612650,48,27
1563121614264,48,27
1563121615853,48,27
1563121617471,48,27
1563121619058,48,27
1563121620672,48,27
1563121622262,48,27
1563121623876,48,27
1563121625466,48,27
1563121627080,48,27
1563121628670,48,27
1563121630284,48,27
1563121631873,48,27
1563121633488,48,27
1563121635080,48,27
1563121636692,48,27
1563121638281,48,27
1563121639895,48,27
1563121641485,48,27
1563121643100,48,27
1563121644692,48,27
1563121646304,48,27
1563121647894,48,27
1563121649507,48,27
1563121651096,48,27
1563121652710,48,27
1563121654300,48,27
1563121655914,48,27
1563121657505,48,27
1563121659118,47,27
1563121660706,47,27
1563121662321,48,27
1563121663911,48,27
1563121665526,48,27
1563121667115,48,27
1563121668731,48,27
1563121670320,48,27
1563121671933,47,27
1563121673523,47,27
1563121675139,47,27
1563121676728,47,27
1563121678341,47,27
1563121679931,47,27
1563121681547,47,27
1563121683136,47,27
1563121684750,47,27
1563121686340,47,27
1563121687954,47,27
1563121689542,47,27
1563121691156,47,27
1563121692746,47,27
1563121694360,47,27
1563121695950,47,27
1563121697564,47,27
1563121699155,47,27
1563121700768,47,27
1563121702359,47,27
1563121703972,47,27
1563121705561,47,27
1563121707175,47,27
1563121708765,47,27
1563121710379,47,27
1563121711969,47,27
1563121713584,47,27
1563121715174,47,27
1563121716788,47,27
1563121718379,47,27
1563121719992,47,27
1563121721582,47,27
1563121723199,47,27
1563121724786,47,27
1563121726401,47,27
1563121727990,47,27
1563121729607,47,27
1563121731194,47,27
1563121732808,47,27
1563121734398,47,27
1563121736012,47,27
1563121737602,47,27
1563121739219,47,27
1563121740807,47,27
1563121742421,47,27
1563121744011,47,27
1563121745626,47,27
1563121747214,47,27
1563121748829,47,27
1563121750418,47,27
1563121752032,47,27
1563121753622,47,27
1563121755236,47,27
1563121756826,47,27
1563121758440,47,27
1563121760029,47,27
1563121761643,47,27
1563121763233,47,27
1563121764847,47,27
1563121766437,47,27
1563121768050,47,27
1563121769640,47,27
1563121771254,47,27
1563121772844,47,27
1563121774458,47,27
1563121776050,47,27
1563121777663,47,27
1563121779253,47,27
1563121780867,47,27
1563121782457,47,27
1563121784072,47,27
1563121785663,47,27
1563121787274,47,27
1563121788863,47,27
1563121790477,47,27
1563121792067,47,27
1563121793682,47,27
1563121795272,47,27
1563121796886,47,27
1563121798476,47,27
1563121800090,47,27
1563121801679,47,27
1563121803294,47,27
1563121804882,47,27
1563121806499,47,27
1563121808089,47,27
1563121809701,47,27
1563121811291,47,27
1563121812905,47,27
1563121814494,47,27
1563121816109,47,27
1563121817699,47,27
1563121819313,47,27
1563121820902,47,27
1563121822517,47,27
1563121824105,47,27
1563121825719,47,27
1563121827309,47,27
1563121828925,47,27
1563121830514,47,27
1563121832127,47,27
1563121833716,47,27
1563121835331,47,27
1563121836919,47,27
1563121838534,47,27
1563121840125,47,27
1563121841737,47,27
1563121843327,47,27
1563121844943,47,27
1563121846531,47,27
1563121848146,47,27
1563121849735,47,27
1563121851350,47,27
1563121852940,47,27
1563121854554,47,27
1563121856144,47,27
1563121857758,47,27
1563121859356,47,27
1563121860961,47,27
1563121862550,47,27
1563121864164,47,27
1563121865754,47,27
1563121867368,47,27
1563121868958,47,27
1563121870572,47,27
1563121872162,47,27
1563121873777,47,27
1563121875366,47,27
1563121876980,47,27
1563121878570,47,27
1563121880184,47,27
1563121881777,47,27
1563121883388,47,27
1563121884978,47,27
1563121886592,47,27
1563121888181,47,27
1563121889796,47,27
1563121891387,47,27
1563121893001,47,27
1563121894590,47,27
1563121896204,47,27
1563121897794,47,27
1563121899408,47,27
1563121900998,47,27
1563121902615,46,27
1563121904202,46,27
1563121905816,46,27
1563121907407,46,27
1563121909019,46,27
1563121910610,46,27
1563121912224,46,27
1563121913814,46,27
1563121915428,46,27
1563121917018,46,27
1563121918632,46,27
1563121920221,46,27
1563121921835,46,27
1563121923424,46,27
1563121925038,46,27
1563121926627,46,27
1563121928242,46,27
1563121929833,46,27
1563121931446,46,27
1563121933035,46,27
1563121934649,46,27
1563121936240,46,27
1563121937853,46,27
1563121939442,46,27
1563121941056,46,27
1563121942646,46,27
1563121944261,46,27
1563121945850,46,27
1563121947467,46,27
1563121949054,46,27
1563121950668,46,27
1563121952259,46,27
1563121953872,46,27
1563121955464,46,27
1563121957076,46,27
1563121958667,46,27
1563121960281,46,27
1563121961870,46,27
1563121963484,46,27
1563121965074,46,27
1563121966688,46,27
1563121968278,46,27
1563121969892,46,27
1563121971482,46,27
1563121973096,46,27
1563121974685,46,27
1563121976299,46,27
1563121977892,46,27
1563121979507,46,27
1563121981094,46,27
1563121982709,46,27
1563121984298,46,27
1563121985912,46,27
1563121987505,46,27
1563121989117,46,27
1563121990706,46,27
1563121992320,46,27
1563121993909,46,27
1563121995523,46,27
1563121997113,46,27
1563121998727,46,27
1563122000317,46,27
1563122001932,47,27
1563122003521,47,27
1563122005135,46,27
1563122006724,46,27
1563122008338,47,27
1563122009928,47,27
1563122011542,46,27
1563122013132,46,27
1563122014747,46,27
1563122016336,46,27
1563122017950,46,27
1563122019540,46,27
1563122021154,46,27
1563122022743,46,27
1563122024358,46,27
1563122025946,46,27
1563122027560,46,27
1563122029150,46,27
1563122030763,46,27
1563122032353,46,27
1563122033968,46,27
1563122035557,46,27
1563122037172,46,27
1563122038760,46,27
1563122040376,46,27
1563122041965,46,27
1563122043580,46,27
1563122045169,46,27
1563122046783,46,27
1563122048372,46,27
1563122049986,46,27
1563122051575,46,27
1563122053189,46,27
1563122054779,46,27
1563122056393,46,27
1563122057983,46,27
1563122059597,46,27
1563122061187,46,27
1563122062801,46,26
1563122064390,46,26
1563122066004,46,26
1563122067595,46,26
1563122069209,46,26
1563122070797,46,26
1563154191485,0,0
1563154193071,0,0
1563154194695,0,0
1563154196280,0,0
1563154197890,0,0
1563154200099,0,0
1563154201092,0,0
1563154202731,0,0
1563154204345,0,0
1563154205933,0,0
1563154207549,0,0
1563154209142,0,0
1563154210753,0,0
1563154212339,0,0
1563154213954,0,0
1563154215544,0,0
1563154217158,0,0
1563154218746,0,0
1563154220360,0,0
1563154221951,0,0
1563154223564,0,0
1563154225150,0,0
1563154226766,0,0
1563154228353,0,0
1563154229973,0,0
1563154231564,0,0
1563154233172,0,0
1563154234761,0,0
1563154236377,0,0
1563154237962,0,0
1563154239578,0,0
1563154241165,0,0
1563154242782,0,0
1563154244369,0,0
1563154245984,0,0
1563154247570,0,0
1563154249187,0,0
1563154250773,0,0
1563154252390,0,0
1563154253978,0,0
1563154255595,0,0
1563154257180,0,0
1563154258797,0,0
1563154260382,0,0
1563154261999,0,0
1563154263589,0,0
1563154265201,0,0
1563154266789,0,0
1563154268405,0,0
1563154269991,0,0
1563154271607,0,0
1563154273197,0,0
1563154274810,0,0
1563154276398,0,0
1563154278016,0,0
1563154279601,0,0
1563154281217,0,0
1563154282805,0,0
1563154284422,0,0
1563154286007,0,0
1563154287623,0,0
1563154289210,0,0
1563154290825,0,0
1563154292413,0,0
1563154294032,0,0
1563154295621,0,0
1563154297231,0,0
1563154298818,0,0
1563154300434,0,0
1563154302021,0,0
1563154303637,0,0
1563154305224,0,0
1563154306841,0,0
1563154308427,0,0
1563154310047,0,0
1563154311634,0,0
1563154313250,0,0
1563154314834,0,0
1563154316453,0,0
1563154318036,0,0
1563154319653,0,0
1563154321239,0,0
1563154322855,0,0
1563154324444,0,0
1563154326058,0,0
1563154327648,0,0
1563154329261,0,0
1563154330848,0,0
1563154332463,0,0
1563154334051,0,0
1563154335667,0,0
1563154337253,0,0
1563154338869,0,0
1563154340457,0,0
1563154342072,0,0
1563154343661,0,0
1563154345275,0,0
1563154346862,0,0
1563154348479,0,0
1563154350068,0,0
1563154351685,0,0
1563154353273,0,0
1563154354887,0,0
1563154356475,0,0
1563154358090,0,0
1563154359674,0,0
1563154361290,0,0
1563154362877,0,0
1563154365824,0,0
1563154367325,0,0
1563154367697,0,0
1563154369284,0,0
1563154370900,0,0
1563154372486,0,0
1563154374108,0,0
1563154375689,0,0
1563154377307,0,0
1563154378893,0,0
1563154380509,0,0
1563154382096,0,0
1563154384827,0,0
1563154385298,0,0
1563154386914,0,0
1563154388502,0,0
1563154390117,0,0
1563154391704,0,0
1563154393322,0,0
1563154394908,0,0
1563154396523,0,0
1563154398110,0,0
1563154399728,0,0
1563154401317,0,0
1563154402930,0,0
1563154404518,0,0
1563154406133,0,0
1563154407721,0,0
1563154409335,0,0
1563154410924,0,0
1563154412538,0,0
1563154414127,0,0
1563154415741,0,0
1563154417328,0,0
1563154418944,0,0
1563154420534,0,0
1563154422149,0,0
1563154423734,0,0
1563154425350,0,0
1563154426937,0,0
1563154428553,0,0
1563154430140,0,0
1563154431756,0,0
1563154433343,0,0
1563154434959,0,0
1563154436546,0,0
1563154438163,0,0
1563154439751,0,0
1563154441365,0,0
1563154442964,0,0
1563154444569,0,0
1563154446159,0,0
1563154447770,0,0
1563154449363,0,0
1563154450974,0,0
1563154452561,0,0
1563154454177,0,0
1563154455764,0,0
1563154457381,0,0
1563154458967,0,0
1563154460582,0,0
1563154462173,0,0
1563154463792,0,0
1563154465372,0,0
1563154466988,0,0
1563154468578,0,0
1563154470192,0,0
1563154471779,0,0
1563154473397,0,0
1563154474982,0,0
1563154476822,0,0
1563154478200,0,0
1563154479803,0,0
1563154481391,0,0
1563154483003,0,0
1563154484590,0,0
1563154487321,0,0
1563154487794,0,0
1563154489413,0,0
1563154490996,0,0
1563154492616,0,0
1563154494200,0,0
1563154495815,0,0
1563154497402,0,0
1563154499021,0,0
1563154500616,0,0
1563154502224,0,0
1563154503809,0,0
1563154505427,0,0
1563154507050,0,0
1563154508630,0,0
1563154510217,0,0
1563154511833,0,0
1563154513418,0,0
1563154515034,0,0
1563154516620,0,0
1563154518236,0,0
1563154519827,0,0
1563154521439,0,0
1563154523027,0,0
1563154524643,0,0
1563154526229,0,0
1563154527845,0,0
1563154529459,0,0
1563154531049,0,0
1563154532635,0,0
1563154534251,0,0
1563154535839,0,0
1563154537454,0,0
1563154539042,0,0
1563154540658,0,0
1563154542247,0,0
1563154543864,0,0
1563154545447,0,0
1563154547064,0,0
1563154548650,0,0
1563154550267,0,0
1563154551857,0,0
1563154553469,0,0
1563154555060,0,0
1563154556672,0,0
1563154558261,0,0
1563154560317,0,0
1563154561462,0,0
1563154563087,0,0
1563154564665,0,0
1563154566283,0,0
1563154567871,0,0
1563154569486,0,0
1563154571081,0,0
1563154572687,0,0
1563154574294,0,0
1563154575890,0,0
1563154577477,0,0
1563154579099,0,0
1563154580680,0,0
1563154582309,0,0
1563154583883,0,0
1563154585501,0,0
1563154587086,0,0
1563154588724,0,0
1563154591320,0,0
1563154591906,0,0
1563154593515,0,0
1563154595134,0,0
1563154596700,0,0
1563154598318,0,0
1563154599902,0,0
1563154601541,0,0
1563154603102,0,0
1563154604730,0,0
1563154606305,0,0
1563154607928,0,0
1563154609512,0,0
1563154611182,0,0
1563154612710,0,0
1563154614353,0,0
1563154616319,0,0
1563154617538,0,0
1563154619129,0,0
1563154620734,0,0
1563154622328,0,0
1563154623942,0,0
1563154625530,0,0
1563154627192,0,0
1563154628725,0,0
1563154630352,0,0
1563154631930,0,0
1563154633544,0,0
1563154635133,0,0
1563154636749,0,0
1563154638351,0,0
1563154639979,0,0
1563154641561,0,0
1563154643154,0,0
1563154644744,0,0
1563154646362,0,0
1563154647943,0,0
1563154649567,0,0
1563154651146,0,0
1563154652765,0,0
1563154654395,0,0
1563154655968,0,0
1563154657552,0,0
1563154659168,0,0
1563154660755,0,0
1563154662386,0,0
1563154663981,0,0
1563154665590,0,0
1563154667193,0,0
1563154668794,0,0
1563154670378,0,0
1563154671984,0,0
1563154673567,0,0
1563154675187,0,0
1563154676788,0,0
1563154678393,0,0
1563154679975,0,0
1563154681619,0,0
1563154683178,0,0
1563154684817,0,0
1563154686379,0,0
1563154688035,0,0
1563154689618,0,0
1563154691199,0,0
1563154692852,0,0
1563154694433,0,0
1563154695991,0,0
1563154697604,0,0
1563154699261,0,0
1563154700816,0,0
1563154702423,0,0
1563154704010,0,0
1563154705703,0,0
1563154707221,0,0
1563154708800,0,0
1563154710437,0,0
1563154712023,0,0
1563154714814,0,0
1563154715255,0,0
1563154716825,0,0
1563154718418,0,0
1563154720049,0,0
1563154721627,0,0
1563154723243,0,0
1563154726313,0,0
1563154726477,0,0
1563154728031,0,0
1563154729645,0,0
1563154731224,0,0
1563154732841,0,0
1563154734423,0,0
1563154736312,0,0
1563154737627,0,0
1563154739242,0,0
1563154740831,0,0
1563154742445,0,0
1563154745317,0,0
1563154745648,0,0
1563154747241,0,0
1563154748851,0,0
1563154750438,0,0
1563154752071,0,0
1563154753645,0,0
1563154755257,0,0
1563154756848,0,0
1563154758460,0,0
1563154760058,0,0
1563154761676,0,0
1563154763250,0,0
1563154764872,0,0
1563154766454,0,0
1563154768069,0,0
1563154770856,0,0
1563154771323,0,0
1563154772883,0,0
1563154781815,0,0
1563154781871,0,0
1563154781871,0,0
1563154781872,0,0
1563154781872,0,0
1563154782549,0,0
1563154784083,0,0
1563154785670,0,0
1563154787286,0,0
1563154788876,0,0
1563154790488,0,0
1563154792100,0,0
1563154793693,0,0
1563154795296,0,0
1563154796897,0,0
1563154798484,0,0
1563154800097,0,0
1563154801687,0,0
1563154804312,0,0
1563154804914,0,0
1563154806521,0,0
1563154808133,0,0
1563154810811,0,0
1563154818372,0,0
1563154818832,0,0
1563154818832,0,0
1563154818832,0,0
1563154818832,0,0
1563154819316,0,0
1563154820907,0,0
1563154822521,0,0
1563154824105,0,0
1563154825722,0,0
1563154827315,0,0
1563154828925,0,0
1563154830512,0,0
1563154846805,0,0
1563154848811,0,0
1563154850013,0,0
1563154852551,0,0
1563154853267,0,0
1563154872188,0,0
1563154874820,0,0
1563154898305,0,0
1563154898591,0,0
1563154900243,0,0
1563154901791,0,0
1563244464812,0,0
1563244465914,62,24
1563244467040,62,24
1563244468178,63,24
1563244469275,63,24
1563244470389,64,24
1563244471516,64,24
1563244472642,64,24
1563244473771,64,24
1563244474870,64,24
1563244476003,64,24
1563244477107,64,24
1563244478235,64,24
1563244480110,95,24
1563244480471,95,24
1563244481593,95,26
1563244482713,95,26
1563244483830,95,27
1563244484955,95,27
1563244486068,95,28
1563244487230,95,28
1563244488339,95,28
1563244489480,95,28
1563244490543,95,28
1563244491676,95,28
1563244492784,95,28
1563244493910,95,28
1563244495027,95,27
1563244496162,95,27
1563244522929,0,0
1563244524042,95,25
1563244525168,95,25
1563244526279,95,24
1563244527422,95,24
1563244528522,95,24
1563244529647,95,24
1563244530759,95,24
1563244531884,95,24
1563244533000,95,24
1563244534125,95,24
1563244535239,95,24
1563244536365,95,24
1563244537483,95,24
1563244538637,95,24
1563244539723,95,24
1563244540853,95,24
1563244541966,95,24
1563244543088,95,24
1563244544207,95,24
1563244545325,95,24
1563244546441,95,24
1563244547568,95,24
1563244548678,95,24
1563244549809,95,24
1563244550919,95,24
1563244552044,95,24
1563244553157,92,24
1563244554283,92,24
1563244555431,89,24
1563244556522,89,24
1563244557635,86,24
1563244558761,86,24
1563244559874,83,24
1563244561000,83,24
1563244562114,81,24
1563244563240,81,24
1563244564353,79,24
1563244565480,79,24
1563244566591,77,24
1563244567717,77,24
1563244568830,76,24
1563244569956,76,24
1563244571070,74,24
1563244572195,74,24
1563244573310,73,24
1563244574436,73,24
1563244575549,72,24
1563244576676,72,24
1563244577786,71,24
1563244578912,71,24
1563244580025,71,24
1563244581152,71,24
1563244582276,70,24
1563244583417,70,24
1563244584503,70,24
1563244585630,70,24
1563244586742,70,24
1563244589036,69,24
1563244590147,70,24
1563244591273,70,24
1563244592387,72,24
1563244593511,72,24
1563244594631,69,24
1563244595750,69,24
1563244596863,69,24
1563244597991,69,24
1563244599105,69,24
1563244600233,69,24
1563244601380,68,24
1563244602473,68,24
1563244603599,68,24
1563244604713,68,24
1563244605846,68,24
1563244606969,68,24
1563244608092,68,24
1563244609214,68,24
1563244610320,70,24
1563244611444,70,24
1563244611735,61,25.1
1563244612557,68,24
1563244612827,61,25.1
1563244613683,68,24
1563244613941,95,27
1563244614811,68,24
1563244615030,95,27
1563244615922,68,24
1563244616145,95,27.3
1563244617035,68,24
1563244617235,95,27.3
1563244618162,68,24
1563244618350,95,27.5
1563244619275,68,24
1563244619441,95,27.5
1563244620400,68,24
1563244620555,95,27.7
1563244621533,68,24
1563244621645,95,27.7
1563244622646,68,24
1563244622764,95,28.1
1563244623772,68,24
1563244623850,95,28.1
1563244624883,68,24
1563244624968,95,28.3
1563244625991,68,24
1563244627168,68,24
1563244628287,68,24
1563244629233,95,28.6
1563244629406,68,24
1563244630324,95,28.6
1563244630520,68,24
1563244631440,95,29
1563244631645,68,24
1563244632528,95,29
1563244632775,68,24
1563244633643,95,29.3
1563244634753,95,29.3
1563244643315,95,29.4
1563244643315,95,29.4
1563244643315,95,29.5
1563244643315,95,29.5
1563244643315,95,29.5
1563244643315,95,29.5
1563244643315,95,29.6
1563244643613,95,29.6
1563244644452,68,24
1563244644698,95,29.7
1563244645569,70,24
1563244646691,70,24
1563244648853,68,24
1563244651104,95,29.7
1563244657021,68,24
1563244657021,69,24
1563244657022,69,24
1563244657022,69,24
1563244657022,69,24
1563244657022,69,24
1563244657022,69,24
1563244657022,69,24
1563244657889,69,24
1563244658995,69,24
1563244660142,69,24
1563244668816,95,30.9
1563244669099,69,24
1563244669099,69,24
1563244669099,69,24
1563244669099,69,24
1563244669099,69,24
1563244669361,69,24
1563244669361,69,24
1563244669361,69,24
1563244670191,69,24
1563244671303,69,24
1563244672592,69,24
1563244673138,95,30.9
1563244677129,95,31
1563244677130,95,31
1563244677130,95,31.1
1563244677130,69,24
1563244677668,69,24
1563244677668,69,24
1563244677669,68,24
1563244677729,95,31.1
1563244677729,95,31.2
1563244677729,95,31.2
1563244677730,95,31.4
1563244678019,68,24
1563244679151,69,24
1563244680259,69,24
1563244681379,68,24
1563244682100,95,31.4
1563244682261,95,31.5
1563244682261,95,31.5
1563244682261,95,31.6
1563244682261,95,31.6
1563244682506,68,24
1563244683291,95,31.7
1563244683610,68,24
1563244684384,95,31.7
1563244684736,68,24
1563244685491,95,31.9
1563244685848,69,24
1563244686581,95,31.9
1563244686976,69,24
1563244687696,95,31.9
1563244688092,69,24
1563244688786,95,31.9
1563244689215,69,24
1563244689908,95,32
1563244690337,69,24
1563244690997,95,32
1563244692105,95,32.1
1563244693201,95,32.1
1563244694309,95,32
1563244695099,69,24
1563244695112,69,24
1563244695113,69,24
1563244695113,68,24
1563244695401,95,32
1563244695935,68,24
1563244697045,68,24
1563244698172,68,24
1563244699285,68,24
1563244700415,68,24
1563244701521,68,24
1563244702646,68,24
1563244703760,68,24
1563244704886,68,24
1563244706485,95,31.8
1563244707577,95,31.8
1563244708118,68,24
1563244708132,68,24
1563244708237,68,24
1563244708692,72,31.6
1563244709362,68,24
1563244709781,72,31.6
1563244710475,68,24
1563244710936,69,31.6
1563244711603,68,24
1563244712012,69,31.6
1563244712734,68,24
1563244713099,65,31.5
1563244713838,68,24
1563244714188,65,31.5
1563244714950,68,24
1563244715305,63,31.4
1563244716076,68,24
1563244716392,63,31.4
1563244717189,68,24
1563244717507,61,31.4
1563244718322,68,24
1563244718596,61,31.4
1563244719448,68,24
1563244720554,68,24
1563244720792,60,31.3
1563244720801,60,31.3
1563244721670,68,24
1563244722800,68,24
1563244723110,59,31.2
1563244723162,59,31.2
1563244723909,68,24
1563244724130,58,31.1
1563244725032,68,24
1563244725813,58,31.1
1563244726151,68,24
1563244726335,57,31.1
1563244727277,68,24
1563244727430,57,31.1
1563244728400,68,24
1563244729530,68,24
1563244730151,56,31
1563244730154,56,31
1563244730627,67,24
1563244731316,55,30.9
1563244731755,67,24
1563244731829,55,30.9
1563244732863,68,24
1563244732952,55,30.8
1563244733989,68,24
1563244734032,55,30.8
1563244735108,68,24
1563244735159,54,30.7
1563244736229,68,24
1563244736241,54,30.7
1563244737351,69,24
1563244738477,69,24
1563244742108,70,24
1563244742119,70,24
1563244742119,70,24
1563244742953,71,24
1563244743374,54,30.6
1563244744076,71,24
1563244745185,73,24
1563244746132,54,30.6
1563244746155,54,30.4
1563244746319,73,24
1563244746677,54,30.4
1563244747429,72,24
1563244748559,72,24
1563244749665,73,24
1563244750790,73,24
1563244751904,74,24
1563244753029,74,24
1563244754142,74,24
1563244755274,74,24
1563244756399,74,24
1563244757509,74,24
1563244758620,72,24
1563244759745,72,24
1563244760882,72,24
1563244762001,69,24
1563244763114,69,24
1563244781106,54,30.1
1563244782211,54,30.1
1563244783311,75,29.1
1563244784400,75,29.1
1563244785515,81,29.1
1563244786605,81,29.1
1563244787724,85,29.1
1563244788810,85,29.1
1563244789925,88,29
1563244791015,88,29
1563244792160,90,29
1563244793246,90,29
1563244794335,89,29
1563244795428,89,29
1563244796540,81,28.9
1563244797632,81,28.9
1563244798751,76,28.8
1563244799896,76,28.8
1563244801028,73,28.7
1563244802099,73,28.7
1563244803214,71,28.6
1563244804304,71,28.6
1563244805418,68,28.6
1563244806507,68,28.6
1563244807625,66,28.5
1563244808716,66,28.5
1563244809827,65,28.4
1563244810917,65,28.4
1563244812031,64,28.3
1563244813126,64,28.3
1563244814235,63,28.2
1563244815326,63,28.2
1563244816504,62,28.1
1563244817530,62,28.1
1563244820009,62,28.1
1563244820023,62,28.1
1563244820852,61,28
1563244821939,61,28
1563244823056,61,28
1563244824152,61,28
1563244825263,60,27.9
1563244826352,60,27.9
1563244827486,60,27.8
1563244828557,60,27.8
1563244829689,60,27.7
1563244830759,60,27.7
1563244831879,60,27.7
1563244832968,60,27.7
1563244834085,60,27.6
1563244835183,60,27.6
1563244837151,60,27.6
1563244837378,60,27.6
1563244838491,60,27.5
1563244839578,60,27.5
1563244840695,60,27.5
1563244841783,60,27.5
1563244842898,60,27.4
1563244843989,60,27.4
1563244845106,60,27.4
1563244846199,60,27.4
1563244847308,60,27.3
1563244848414,60,27.3
1563244849512,60,27.3
1563244850607,60,27.3
1563244851717,60,27.2
1563244854181,60,27.2
1563244854219,60,27.1
1563244856060,60,27.1
1563244856127,60,27.1
1563244857218,60,27.1
1563244858331,61,27.1
1563244859485,61,27.1
1563244860536,61,27
1563244861637,61,27
1563244862743,61,26.9
1563244863829,61,26.9
1563244867208,61,26.8
1563244868299,61,26.8
1563244869414,61,26.7
1563244870504,61,26.7
1563244871617,62,26.7
1563244872707,62,26.7
1563244873822,62,26.7
1563244874921,62,26.7
1563244876027,62,26.7
1563244877120,62,26.7
1563244877871,68,25.6
1563244878233,62,26.6
1563244878963,68,25.6
1563244879322,62,26.6
1563244880076,67,25.5
1563244880437,62,26.6
1563244881166,67,25.5
1563244881527,62,26.6
1563244882290,68,25.5
1563244882642,62,26.5
1563244883370,68,25.5
1563244883732,62,26.5
1563244884485,67,25.5
1563244884847,62,26.4
1563244885576,67,25.5
1563244885948,62,26.4
1563244886689,95,26
1563244887053,62,26.4
1563244887779,95,26
1563244888143,62,26.4
1563244889257,62,26.4
1563244890041,95,27.1
1563244890371,62,26.4
1563244891154,95,27.2
1563244891509,63,26.4
1563244892241,95,27.2
1563244892599,63,26.4
1563244893355,95,27.2
1563244893714,63,26.3
1563244894449,95,27.2
1563244894806,63,26.3
1563244895560,95,27.1
1563244895919,63,26.2
1563244896650,95,27.1
1563244897009,63,26.2
1563244897766,95,27
1563244898124,63,26.2
1563244898855,95,27
1563244899242,63,26.2
1563244899970,95,26.8
1563244900329,63,26.2
1563244901420,63,26.2
1563244902535,95,26.7
1563244903624,95,26.7
1563244904608,95,27.4
1563244904742,88,26.7
1563244905696,95,27.4
1563244905944,88,26.7
1563244906811,95,28.3
1563244907056,87,26.8
1563244907896,95,28.3
1563244908151,87,26.8
1563244909009,95,28.2
1563244909262,84,26.8
1563244910099,95,28.2
1563244910352,84,26.8
1563244911275,95,28.1
1563244911466,84,26.8
1563244912366,95,28.1
1563244912606,84,26.8
1563244913480,95,27.9
1563244913720,86,26.8
1563244914570,95,27.9
1563244914810,86,26.8
1563244915685,95,27.7
1563244916775,95,27.7
1563244917113,85,26.7
1563244917115,85,26.7
1563244917890,95,27.6
1563244918131,95,26.8
1563244918980,95,27.6
1563244919219,95,26.8
1563244920095,95,27.5
1563244920337,95,26.9
1563244921191,95,27.5
1563244921426,95,26.9
1563244922299,95,27.2
1563244922539,95,27
1563244923390,95,27.2
1563244923630,95,27
1563244924509,95,27.1
1563244924744,95,27.2
1563244925594,95,27.1
1563244925834,95,27.2
1563244926709,95,26.9
1563244926949,95,27.2
1563244927799,95,26.9
1563244928039,95,27.2
1563244928914,95,26.7
1563244929156,95,27.3
1563244930004,95,26.7
1563244930244,95,27.3
1563244931119,95,26.6
1563244931360,95,27.5
1563244932211,95,26.6
1563244932449,95,27.5
1563244933325,95,26.4
1563244933565,95,27.6
1563244934414,95,26.4
1563244934654,95,27.6
1563244935530,95,26.5
1563244935770,95,27.9
1563244936624,95,26.5
1563244936858,95,27.9
1563244937734,95,26.4
1563244937974,95,28
1563244938825,95,26.4
1563244939941,95,26.6
1563244941030,95,26.6
1563244941118,95,28
1563244941125,95,28.2
1563244941269,95,28.2
1563244942148,95,27
1563244942384,91,28.4
1563244943234,95,27
1563244943475,91,28.4
1563244944349,95,27.3
1563244944589,88,28.5
1563244945440,95,27.3
1563244945679,88,28.5
1563244946555,95,27.3
1563244946795,87,28.6
1563244947646,95,27.3
1563244947883,87,28.6
1563244948759,95,27.2
1563244948999,85,28.6
1563244949849,95,27.2
1563244950091,85,28.6
1563244950964,91,27.2
1563244951213,84,28.6
1563244952054,91,27.2
1563244952294,84,28.6
1563244953170,88,27.2
1563244953412,84,28.6
1563244954260,88,27.2
1563244954499,84,28.6
1563244955375,84,27.2
1563244955614,83,28.6
1563244956465,84,27.2
1563244956706,83,28.6
1563244957580,81,27.1
1563244957821,83,28.7
1563244958669,81,27.1
1563244958925,83,28.7
1563244959784,79,27.1
1563244960024,85,28.7
1563244960874,79,27.1
1563244961117,85,28.7
1563244961991,77,27
1563244962229,92,28.7
1563244963078,77,27
1563244963319,92,28.7
1563244964193,76,27
1563244964434,89,28.7
1563244965282,76,27
1563244965524,89,28.7
1563244966399,75,27
1563244966639,82,28.8
1563244967487,75,27
1563244967728,82,28.8
1563244968603,73,27
1563244968842,77,28.8
1563244969696,73,27
1563244969932,77,28.8
1563244970807,72,26.9
1563244971048,73,28.7
1563244971896,72,26.9
1563244972138,73,28.7
1563244973011,71,26.9
1563244973252,69,28.8
1563244974101,71,26.9
1563244974341,69,28.8
1563244975220,71,26.8
1563244975457,67,28.7
1563244976306,71,26.8
1563244976555,67,28.7
1563244977421,70,26.8
1563244977661,74,28.7
1563244978511,70,26.8
1563244978752,74,28.7
1563244979627,69,26.7
1563244979866,82,28.7
1563244980716,69,26.7
1563244980958,82,28.7
1563244981830,69,26.7
1563244982071,87,28.7
1563244982921,69,26.7
1563244983162,87,28.7
1563244984036,68,26.7
1563244984277,91,28.9
1563244985126,68,26.7
1563244985366,91,28.9
1563244986241,68,26.7
1563244986484,95,28.8
1563244987344,68,26.7
1563244987570,95,28.8
1563244988446,67,26.6
1563244988689,95,28.9
1563244989536,67,26.6
1563244989775,95,28.9
1563244990654,67,26.7
1563244990891,95,28.9
1563244991740,67,26.7
1563244991981,95,28.9
1563244992855,67,26.6
1563244993096,95,28.9
1563244993946,67,26.6
1563244994185,95,28.9
1563244995060,66,26.6
1563244995300,95,29
1563244996149,66,26.6
1563244996395,95,29
1563244997264,66,26.6
1563244997505,95,29
1563244998354,66,26.6
1563244998595,95,29
1563244999469,66,26.6
1563244999711,95,29
1563245000558,66,26.6
1563245000800,95,29
1563245001673,66,26.5
1563245001928,95,29
1563245002765,66,26.5
1563245003005,95,29
1563245003877,66,26.5
1563245004120,95,29
1563245004966,66,26.5
1563245005211,95,29
1563245006081,66,26.5
1563245006326,95,29
1563245007172,66,26.5
1563245007415,95,29
1563245008285,65,26.4
1563245008530,95,29
1563245009375,65,26.4
1563245009620,95,29
1563245010492,65,26.4
1563245010735,95,29.1
1563245011580,65,26.4
1563245011827,95,29.1
1563245012699,65,26.4
1563245012941,95,29
1563245013786,65,26.4
1563245014034,95,29
1563245014898,65,26.4
1563245015148,95,29.1
1563245015995,65,26.4
1563245016237,95,29.1
1563245017109,65,26.3
1563245017352,95,29.1
1563245018196,65,26.3
1563245018440,95,29.1
1563245019315,65,26.3
1563245019559,95,29.1
1563245020398,65,26.3
1563245020652,95,29.1
1563245021513,65,26.3
1563245021777,91,29
1563245022607,65,26.3
1563245022852,91,29
1563245023718,64,26.3
1563245023967,84,29
1563245024807,64,26.3
1563245025055,84,29
1563245025925,65,26.1
1563245026169,79,29
1563245027011,65,26.1
1563245027259,79,29
1563245028126,64,26.2
1563245028375,74,28.9
1563245029226,64,26.2
1563245029467,74,28.9
1563245030334,65,26.1
1563245030580,71,28.9
1563245031419,65,26.1
1563245031669,71,28.9
1563245032536,64,26.1
1563245032790,68,28.8
1563245033627,64,26.1
1563245033900,68,28.8
1563245034746,64,26.1
1563245034988,66,28.8
1563245036078,66,28.8
1563245037171,64,26.1
1563245037195,65,28.7
1563245038281,65,28.7
1563245039397,63,28.7
1563245040487,63,28.7
1563245041605,62,28.6
1563245042731,62,28.6
1563245043806,61,28.6
1563245088738,57,28.5
1563245089826,57,28.5
1563245090954,56,27.4
1563245092053,56,27.4
1563245093151,57,27.4
1563245094241,57,27.4
1563245095354,58,27.3
1563245096442,58,27.3
1563245097562,58,27.3
1563245098648,58,27.3
1563245099762,58,27.2
1563245100857,58,27.2
1563245101967,58,27.2
1563245103056,58,27.2
1563245104171,58,27.1
1563245105261,58,27.1
1563245106376,59,27.1
1563245107466,59,27.1
1563245108586,79,27.1
1563245109672,79,27.1
1563245110787,87,27.2
1563245111876,87,27.2
1563245112992,77,27.2
1563245114082,77,27.2
1563245115547,72,27.2
1563245116289,72,27.2
1563245118172,70,27.2
1563245118519,70,27.2
1563245119610,73,27.2
1563245120695,73,27.2
1563245121864,91,27.3
1563245122958,91,27.3
1563245124070,95,27.4
1563245125561,95,27.4
1563245126281,95,27.5
1563245127364,95,27.5
1563245128482,95,27.7
1563245129569,95,27.7
1563245130688,95,27.7
1563245133072,95,27.7
1563245133138,95,27.9
1563245133978,95,27.9
1563245135093,95,28
1563245136190,95,28
1563245137297,95,28
1563245138388,95,28
1563245139503,94,28
1563245142084,94,28
1563245142086,86,28
1563245142797,86,28
1563245143911,80,28
1563245145004,80,28
1563245146168,76,28
1563245147257,76,28
1563245148366,73,28
1563245149456,73,28
1563245150570,71,28
1563245151660,71,28
1563245152774,68,27.9
1563245153863,68,27.9
1563245154978,66,27.9
1563245156068,66,27.9
1563245157191,64,27.9
1563245158272,64,27.9
1563245159386,64,27.8
1563245160475,64,27.8
1563245161601,63,27.7
1563245162680,63,27.7
1563245163795,62,27.7
1563245164885,62,27.7
1563245166012,62,27.6
1563245167090,62,27.6
1563245168205,61,27.6
1563245169295,61,27.6
1563245170414,61,27.5
1563245171500,61,27.5
1563245172616,61,27.5
1563245173706,61,27.5
1563245174821,60,27.5
1563245175912,60,27.5
1563245177031,60,27.4
1563245178115,60,27.4
1563245180657,60,27.4
1563245180664,60,27.4
1563245181436,60,27.3
1563245182525,60,27.3
1563245183641,61,27.2
1563245184731,61,27.2
1563245185845,61,27.2
1563245186935,61,27.2
1563245188050,61,27.1
1563245189140,61,27.1
1563245190255,61,27.1
1563245191345,61,27.1
1563245192460,61,27.1
1563245193550,61,27.1
1563245194668,61,27
1563245195756,61,27
1563245196869,62,27
1563245197961,62,27
1563245199074,62,26.9
1563245200164,62,26.9
1563245201280,62,26.9
1563245202369,62,26.9
1563245203488,62,26.8
1563245204573,62,26.8
1563245205688,62,26.7
1563245206778,62,26.7
1563245207894,62,26.7
1563245208983,62,26.7
1563245210099,62,26.7
1563245211188,62,26.7
1563245212303,62,26.6
1563245213393,62,26.6
1563245214508,63,26.6
1563245215598,63,26.6
1563245216713,63,26.5
1563245217807,63,26.5
1563245218919,63,26.5
1563245220008,63,26.5
1563245221124,63,26.4
1563245222214,63,26.4
1563245223329,63,26.4
1563245224418,63,26.4
1563245225533,63,26.3
1563245226623,63,26.3
1563245227740,64,26.2
1563245228827,64,26.2
1563245229942,64,26.2
1563245231032,64,26.2
1563245232148,64,26.1
1563245233235,64,26.1
1563245234352,64,26.1
1563245235440,64,26.1
1563245236553,65,26.1
1563245237643,65,26.1
1563245238757,65,26.1
1563245239847,65,26.1
1563245241009,65,26
1563245242100,65,26
1563245243213,65,26
1563245244305,65,26
1563245245418,65,26
1563245246507,65,26
1563245247621,65,25.9
1563245248711,65,25.9
1563245249825,65,25.9
1563245250915,65,25.9
1563245252029,65,25.9
1563245253122,65,25.9
1563245254233,65,25.9
1563245255326,65,25.9
1563245256438,66,25.8
1563245257528,66,25.8
1563245258642,66,25.8
1563245259730,66,25.8
1563245260845,66,25.7
1563245261936,66,25.7
1563245263049,66,25.7
1563245264139,66,25.7
1563245265253,66,25.7
1563245266345,66,25.7
1563245267457,66,25.6
1563245268548,66,25.6
1563245269662,67,25.6
1563245270754,67,25.6
1563245271933,67,25.6
1563245273021,67,25.6
1563245274137,67,25.6
1563245275226,67,25.6
1563245276340,67,25.6
1563245277429,67,25.6
1563245278544,67,25.5
1563245279634,67,25.5
1563245280748,68,25.5
1563245281837,68,25.5
1563245282953,68,25.5
1563245284042,68,25.5
1563245285156,68,25.5
1563245286245,68,25.5
1563245287361,68,25.5
1563245288469,68,25.5
1563245289567,68,25.4
1563245290653,68,25.4
1563245291768,68,25.4
1563245292857,68,25.4
1563245293972,68,25.3
1563245295061,68,25.3
1563245296176,69,25.4
1563245297265,69,25.4
1563245298380,69,25.4
1563245299471,69,25.4
1563245300584,69,25.3
1563245301673,69,25.3
1563245302788,69,25.3
1563245303879,69,25.3
1563245304992,69,25.3
1563245306082,69,25.3
1563245307196,69,25.3
1563245308285,69,25.3
1563245309402,69,25.3
1563245310489,69,25.3
1563245311607,69,25.2
1563245312693,69,25.2
1563245313808,70,25.2
1563245314898,70,25.2
1563245316013,70,25.2
1563245317102,70,25.2
1563245318221,70,25.2
1563245319306,70,25.2
1563245320421,70,25.2
1563245321511,70,25.2
1563245322630,70,25.2
1563245323715,70,25.2
1563245325855,70,25.2
1563245325918,70,25.2
1563245327034,71,25.2
1563245328123,71,25.2
1563245329237,71,25.2
1563245330326,71,25.2
1563245331441,71,25.1
1563245332540,71,25.1
1563245333646,71,25.1
1563245334734,71,25.1
1563245335853,72,25.1
1563245336938,72,25.1
1563245338053,72,25.1
1563245339144,72,25.1
1563245341117,72,25.1
1563245341346,72,25.1
1563245342461,72,25.1
1563245343550,72,25.1
1563245352994,72,25.1
1563245354065,72,25.1
1563245355196,70,25
1563245356280,70,25
1563245364080,73,25
1563245364081,73,25
1563245364081,73,25
1563245364081,73,25
1563245364081,73,25
1563245364081,73,25
1563245364081,73,25
1563245365100,73,25
1563245367656,73,25
1563245375118,73,25
1563245375118,73,24.9
1563245375119,73,24.9
1563245375119,73,25
1563245375119,73,25
1563245375119,73,25
1563245375119,73,25
1563245375254,73,25
1563245376100,73,25
1563245377227,73,25
1563245378303,73,25
1563245379506,73,25
1563245386717,73,25
1563245386717,73,25
1563245386718,73,25
1563245386718,73,25
1563245386718,73,25
1563245386718,73,25
1563245387121,73,25
1563245388233,73,25
1563245389321,73,25
1563245396572,73,25
1563245396572,73,25
1563245396572,73,25
1563245396572,73,25
1563245396572,73,25
1563245396573,73,25
1563245397045,73,24.9
1563245398142,73,24.9
1563245399339,73,25
1563245410304,73,25
1563245410304,73,25
1563245410304,73,25
1563245410304,73,25
1563245410305,73,25
1563245410305,74,25
1563245410305,74,25
1563245410305,73,25
1563245410305,73,25
1563245410305,74,25
1563245411598,74,25
1563245412718,73,25
1563245413810,73,25
1563245414914,73,25
1563245416052,73,25
1563245422432,74,25
1563245422432,74,25
1563245422432,73,24.9
1563245422432,73,24.9
1563245422432,73,25
1563245422798,73,25
1563245423761,73,24.9
1563245424825,73,24.9
1563245425970,73,25
1563245433020,73,25
1563245433020,73,24.9
1563245433020,73,24.9
1563245433020,73,24.9
1563245433020,73,24.9
1563245433021,73,24.9
1563245433664,73,24.9
1563245434744,73,24.9
1563245435834,73,24.9
1563245436949,73,24.9
1563245438125,73,24.9
1563245445287,73,24.9
1563245445287,73,24.9
1563245445287,73,24.9
1563245445287,73,24.9
1563245445287,73,24.9
1563245445287,73,24.9
1563245446603,73,24.9
1563245446850,73,24.9
1563245447966,73,24.9
1563245449053,73,24.9
1563245450177,73,24.9
1563245451297,73,24.9
1563245458659,73,24.9
1563245458659,73,24.9
1563245458659,73,24.9
1563245458659,73,24.9
1563245458659,73,24.9
1563245458659,73,24.9
1563245459429,73,24.9
1563245460074,73,24.9
1563245461192,73,24.9
1563245468645,73,24.9
1563245468646,73,24.9
1563245468646,73,24.9
1563245468646,73,24.9
1563245468646,73,24.9
1563245468646,73,24.9
1563245469672,73,24.9
1563245470039,73,24.9
1563245471097,73,24.9
1563245472202,73,24.9
1563245473327,73,24.9
1563245481978,73,24.9
1563245481978,73,24.9
1563245481978,73,24.9
1563245481978,73,24.9
1563245481978,72,24.9
1563245481978,72,24.9
1563245481979,72,24.9
1563245482319,72,24.9
1563245483228,72,24.9
1563245484307,72,24.9
1563245485464,72,24.9
1563245491403,72,24.9
1563245491403,73,24.9
1563245491403,73,24.9
1563245491403,73,24.9
1563245491403,73,24.9
1563245492036,72,24.9
1563245493139,72,24.9
1563245494236,72,24.9
1563245495360,72,24.9
1563245496445,72,24.9
1563245502146,72,24.9
1563245507508,72,24.9
1563245507508,72,24.9
1563245507508,73,24.9
1563245507508,73,24.9
1563245507509,73,24.9
1563245507509,73,24.9
1563245507509,72,24.9
1563245507509,72,24.9
1563245507509,72,24.9
1563245508551,72,24.9
1563245509700,72,24.9
1563245518185,72,24.9
1563245518185,72,24.9
1563245518185,72,24.9
1563245518186,72,24.9
1563245518186,72,24.9
1563245518186,72,24.9
1563245518186,72,24.9
1563245519957,72,24.9
1563245519957,72,24.9
1563245520680,72,24.9
1563245521771,72,24.9
1563245522927,72,24.9
1563245531123,72,24.9
1563245531124,71,24.9
1563245531124,71,24.9
1563245531124,71,24.9
1563245531124,71,24.9
1563245531124,71,24.9
1563245531198,71,24.9
1563245531734,71,24.9
1563245540317,71,24.9
1563245540317,71,24.9
1563245540317,71,24.9
1563245540317,71,24.9
1563245540317,71,24.9
1563245540317,71,24.8
1563245540317,71,24.8
1563245540955,71,24.8
1563245541602,71,24.8
1563245542732,71,24.9
1563245549984,71,24.9
1563245549984,70,24.9
1563245549985,70,24.9
1563245549985,70,24.9
1563245549985,70,24.9
1563245549985,70,24.9
1563245550542,70,24.9
1563245551522,70,24.8
1563245552638,70,24.8
1563245553724,70,24.9
1563245554820,70,24.9
1563245560131,70,24.8
1563245560144,70,24.8
1563245560144,70,24.9
1563245560144,70,24.9
1563245560338,70,24.9
1563245561423,70,24.9
1563245562538,70,24.9
1563245563645,70,24.9
1563245564745,70,24.8
1563245569747,70,24.8
1563245569748,70,24.8
1563245569748,70,24.8
1563245569748,70,24.8
1563245570284,70,24.8
1563245571380,70,24.9
1563245576128,70,24.9
1563245622265,71,24.8
1563245623348,71,24.8
1563245624419,72,24.8
1563245625680,72,24.8
1563245626786,73,24.9
1563245627708,73,24.9
1563245628852,74,24.9
1563245629913,74,24.9
1563245631031,73,24.9
1563245632201,73,24.9
1563245633232,73,24.9
1563245634321,73,24.9
1563245635581,73,24.9
1563245636644,73,24.9
1563245637653,72,24.9
1563245643155,72,24.9
1563245644701,71,25
1563245644701,71,25
1563245644701,71,25
1563245644701,71,25
1563245644701,71,25
1563245645627,71,25
1563245646846,72,25
1563245648626,72,25
1563245650632,71,25
1563245650632,71,25
1563245653766,70,25
1563245653766,70,25
1563245653766,69,25.1
1563245655555,69,25.1
1563245655556,69,25.1
1563245662451,69,25.1
1563245665388,68,25.1
1563245665388,68,25.1
1563245665388,68,25.1
1563245665388,68,25.1
1563245665388,68,25.1
1563245665388,68,25.1
1563245665388,68,25.1
1563245665388,68,25.1
1563245667377,67,25.1
1563245667377,67,25.1
1563245670332,67,25.1
1563245670332,67,25.1
1563245672079,67,25.1
1563245672079,67,25.1
1563245673158,66,25.1
1563245673982,66,25.1
1563245675099,66,25.1
1563245676195,66,25.1
1563245677336,66,25.1
1563245678426,66,25.1
1563245680856,66,25.1
1563245680856,66,25.1
1563245682952,66,25.1
1563245682952,66,25.1
1563245685153,66,25.1
1563245685154,66,25.1
1563245687296,66,25.1
1563245687296,66,25.1
1563245688669,66,25.1
1563245689405,66,25.1
1563245691530,66,25.1
1563245693674,66,25.1
1563245693674,66,25.1
1563245695485,66,25.1
1563245695485,66,25.1
1563245713130,65,25.1
1563245714918,65,25.1
1563245714919,65,25.1
1563245717881,64,25.1
1563245717881,64,25.1
1563245717881,65,25.1
1563245720010,65,25.1
1563245720011,65,25.1
1563245721102,65,25.1
1563245722086,65,25.1
1563245723278,65,25.1
1563245724531,64,25.1
1563245726864,64,25.1
1563245726864,64,25.1
1563245732130,64,25.1
1563245732131,65,25.1
1563245732131,65,25.1
1563245732131,65,25.1
1563245735698,65,25.1
1563245735698,66,25.1
1563245735698,66,25.1
1563245735698,67,25.1
1563245737712,67,25.1
1563245737712,67,25.2
1563245739352,67,25.2
1563245747144,67,25.2
1563245747145,67,25.2
1563245751077,66,25.2
1563245751077,66,25.2
1563245751077,66,25.2
1563245751077,66,25.2
1563245751077,65,25.2
1563245751077,65,25.2
1563245751077,65,25.2
1563245751077,65,25.2
1563245751078,65,25.2
1563245753559,65,25.2
1563245753560,65,25.2
1563245756575,65,25.2
1563245756575,64,25.3
1563245756575,64,25.3
1563245759527,64,25.3
1563245759527,64,25.3
1563245764546,65,25.3
1563245764546,65,25.3
1563245764546,65,25.4
1563245764546,65,25.4
1563245764546,64,25.4
1563245767412,64,25.4
1563245767412,64,25.4
1563245767412,64,25.4
1563245771499,64,25.4
1563245771499,64,25.4
1563245771499,64,25.4
1563245772479,64,25.4
1563245787985,64,25.4
1563245789457,64,25.4
1563245794142,62,25.3
1563245794143,62,25.3
1563245796805,65,25.3
1563245796805,65,25.3
1563245796805,65,25.4
1563245796806,65,25.4
1563245798869,64,25.4
1563245798870,64,25.4
1563245800004,64,25.4
1563245801206,64,25.4
1563245801206,64,25.4
1563245806992,64,25.4
1563245808906,66,25.4
1563245808906,66,25.4
1563245808906,65,25.4
1563245808906,65,25.4
1563245808906,65,25.4
1563245808907,65,25.4
1563245810596,65,25.4
1563245811103,65,25.4
1563245812219,65,25.4
1563245814477,65,25.4
1563245814477,65,25.4
1563245816287,65,25.4
1563245816918,64,25.4
1563245817728,64,25.4
1563245818833,64,25.4
1563245819941,64,25.4
1563246037199,65,25.7
1563246039086,65,25.7
1563246040442,66,25.8
1563246041351,66,25.8
1563246042683,68,25.8
1563246044511,68,25.8
1563246044511,68,25.8
1563246046723,68,25.8
1563246046723,68,25.8
1563246048634,68,25.8
1563246048634,68,25.9
1563246049892,68,25.9
1563246052011,68,25.9
1563246052011,68,25.9
1563246053074,68,25.9
1563246055220,68,25.9
1563246055220,68,25.9
1563246056834,68,25.9
1563246058036,68,25.9
1563246063172,68,25.9
1563246064628,68,25.9
1563246064628,68,25.9
1563246064628,68,25.9
1563246064628,68,25.9
1563246064628,69,26
1563246067057,69,26
1563246067057,69,26
1563246067058,69,26
1563246068136,69,26
1563246069142,69,26
1563246070433,68,25.9
1563246071365,68,25.9
1563246072874,69,26
1563246073654,69,26
1563246074672,69,26
1563246075834,69,26
1563246082161,69,26
1563246084561,69,26
1563246084561,69,26.1
1563246084561,69,26.1
1563246084561,68,26
1563246084561,68,26
1563246084561,68,26
1563246085496,68,26
1563246087618,68,26
1563246087618,68,26
1563246090765,68,26
1563246090765,68,26
1563246090765,68,26
1563246092393,68,26
1563246099179,68,26
1563246099197,68,26
1563246099198,68,26.1
1563246099198,68,26.1
1563246099198,68,26.1
1563246099198,68,26.1
1563246099198,68,26.1
1563246099980,68,26.1
1563246101095,68,26.1
1563246102185,68,26.1
1563246103304,68,26.1
1563246104405,68,26.1
1563246105511,68,26.1
1563246106593,68,26.1
1563246107709,68,26.1
1563246108797,68,26.1
1563246109964,68,26.1
1563246111002,68,26.1
1563246112122,68,26.1
1563246113208,68,26.1
1563246114345,68,26.1
1563246117663,68,26.1
1563246117667,68,26.1
1563246117668,68,26.1
1563246118728,68,26.1
1563246119817,68,26.1
1563246120932,68,26.1
1563246124161,68,26.1
1563246124173,68,26.1
1563246124227,68,26.1
1563246125366,67,26.1
1563246126431,67,26.1
1563246127547,67,26.2
1563246128634,67,26.2
1563246129751,67,26.2
1563246130839,67,26.2
1563246131958,67,26.2
1563246133063,67,26.2
1563246134305,67,26.2
1563246135289,67,26.2
1563246136367,67,26.2
1563246137454,67,26.2
1563246138569,67,26.2
1563246139659,67,26.2
1563246142207,67,26.2
1563246142209,67,26.2
1563246142980,67,26.2
1563246144074,67,26.2
1563246145184,67,26.2
1563246146274,67,26.2
1563246150151,67,26.1
1563246150154,67,26.1
1563246150154,67,26.1
1563246150694,67,26.1
1563246151802,67,26.2
1563246152889,67,26.2
1563246154003,67,26.2
1563246157151,67,26.2
1563246157156,67,26.3
1563246157296,67,26.3
1563246158411,67,26.2
1563246159507,67,26.2
1563246160620,67,26.2
1563246161708,67,26.2
1563246162843,67,26.2
1563246163913,67,26.2
1563246165037,67,26.2
1563246166120,67,26.2
1563246167296,67,26.2
1563246168426,67,26.2
1563246169438,67,26.2
1563246170526,67,26.2
1563246171643,67,26.2
1563246172732,67,26.2
1563246173847,67,26.2
1563246174965,67,26.2
1563246176055,66,26.2
1563246177141,66,26.2
1563246178256,66,26.2
1563246179345,66,26.2
1563246180460,66,26.2
1563246181550,66,26.2
1563246182668,66,26.2
1563246186157,66,26.2
1563246186159,66,26.2
1563246186159,66,26.2
1563246187072,66,26.2
1563246188165,66,26.2
1563246189276,66,26.3
1563246190367,66,26.3
1563246191481,66,26.2
1563246192570,66,26.2
1563246193685,66,26.2
1563246194775,66,26.2
1563246195889,66,26.2
1563246196978,66,26.2
1563246198099,66,26.2
1563246199184,66,26.2
1563246200299,66,26.2
1563246201387,66,26.2
1563246202504,66,26.2
1563246203595,66,26.2
1563246204713,66,26.2
1563246205800,66,26.2
1563246206978,66,26.2
1563246210156,66,26.2
1563246210201,66,26.2
1563246210207,66,26.2
1563246211319,66,26.2
1563246212409,66,26.2
1563246213532,66,26.2
1563246214614,66,26.2
1563246215731,66,26.2
1563246216819,66,26.2
1563246217933,66,26.2
1563246219021,66,26.2
1563246220136,66,26.2
1563246221228,66,26.2
1563246222344,66,26.2
1563246223432,66,26.2
1563246224549,66,26.2
1563246225635,66,26.2
1563246226761,65,26.2
1563246227841,65,26.2
1563246232180,65,26.2
1563246232183,65,26.2
1563246232183,65,26.2
1563246232246,65,26.2
1563246233361,66,26.2
1563246234451,66,26.2
1563246235565,66,26.2
1563246236654,66,26.2
1563246237770,66,26.2
1563246238858,66,26.2
1563246239981,66,26.2
1563246241073,66,26.2
1563246242234,66,26.2
1563246243319,66,26.2
1563246244435,65,26.2
1563246245550,65,26.2
1563246246639,65,26.2
1563246247729,65,26.2
1563246248843,65,26.2
1563246249933,65,26.2
1563246251047,65,26.2
1563246252139,65,26.2
1563246253256,65,26.2
1563246254406,65,26.2
1563246255516,65,26.2
1563246256613,65,26.2
1563246257724,65,26.2
1563246258810,65,26.2
1563246259925,65,26.2
1563246261054,65,26.2
1563246262141,65,26.2
1563246263234,65,26.2
1563246264336,65,26.1
1563246265433,65,26.1
1563246268166,65,26.1
1563246280004,64,26.1
1563246282172,64,26.1
1563246290178,63,26.1
1563246290268,63,26.1
1563246290268,65,26.1
1563246290268,65,26.1
1563246290268,64,26.1
1563246290269,64,26.1
1563246290269,64,26.1
1563246290269,64,26.1
1563246293158,64,26.1
1563246293160,64,26.1
1563246293230,64,26.1
1563246294330,64,26.1
1563246295433,64,26.1
1563246296529,64,26.1
1563246297649,64,26.1
1563246298728,64,26.1
1563246299841,64,26.1
1563246300932,64,26.1
1563246302046,64,26.1
1563246303187,64,26.1
1563246304301,64,26.1
1563246305391,64,26.1
1563246306505,64,26.1
1563246307595,64,26.1
1563246308710,64,26.1
1563246309965,64,26.1
1563246310914,64,26.1
1563246312008,64,26.1
1563246313126,64,26.1
1563246314223,64,26.1
1563246315322,64,26.1
1563246316416,64,26.1
1563246317528,64,26.1
1563246318691,64,26.1
1563246319735,64,26.1
1563246320819,64,26.1
1563246321933,64,26.1
1563246323025,64,26.1
1563246324138,63,26.1
1563246325228,63,26.1
1563246326347,63,26.1
1563246327433,63,26.1
1563246328591,63,26.1
1563246329640,63,26.1
1563246330758,63,26.1
1563246331843,63,26.1
1563246332962,63,26.1
1563246334051,63,26.1
1563246335163,63,26.1
1563246336255,63,26.1
1563246337368,63,26.1
1563246338457,63,26.1
1563246339573,63,26.1
1563246340667,63,26.1
1563246341781,63,26.1
1563246342868,63,26.1
1563246343992,63,26.1
