1563244625760,61,25
1563244627391,61,25
1563244629013,0,25
1563244634089,66,25
1563244643126,66,25
1563244643127,63,25
1563244643127,63,25
1563244643127,71,25
1563244643127,71,25
1563244644946,71,25
1563244645276,71,25
1563244649101,69,25
1563244673335,68,25
1563244675104,68,25
1563244675954,69,25
1563244681094,69,25
1563244691160,71,25
1563244691160,71,25
1563244702976,69,25
1563244702976,69,25
1563244702976,68,25
1563244702976,68,25
1563244702976,67,25
1563244702976,67,25
1563244702978,66,25
1563244702979,66,25
1563244702979,66,25
1563244702979,66,25
1563244702979,65,25
1563244702979,65,25
1563244702979,65,25
1563244703141,65,25
1563244704755,64,25
1563244709105,64,25
1563244710694,64,25
1563244712320,62,25
1563244713901,62,25
1563244715512,64,25
1563244717102,64,25
1563244718717,64,25
1563244720312,64,25
1563244721967,64,25
1563244723512,64,25
1563244727103,63,25
1563244727160,63,25
1563244729539,64,25
1563244729925,64,25
1563244731537,63,25
1563244733160,63,25
1563244734793,63,25
1563244736331,63,25
1563244740106,63,25
1563244740113,63,25
1563244744506,63,25
1563244772478,0,9
1563244775733,60,25
1563244777324,60,25
1563244779864,63,25
1563244780578,63,25
1563244782212,64,25
1563244788956,64,25
1563244790538,64,25
1563244792160,60,25
1563244793743,60,25
1563244795386,64,25
1563244798169,64,25
1563244798565,64,25
1563244800153,64,25
1563244801768,63,25
1563244803358,63,25
1563244804973,63,25
1563244806566,63,25
1563244808178,63,25
1563244813831,64,25
1563244814077,64,25
1563244815745,62,25
1563244817297,62,25
1563244820119,64,25
1563244821345,64,25
1563244822106,64,25
1563244825100,64,25
1563244825318,0,25
1563244829100,64,25
1563244829113,63,25
1563244830110,63,25
1563244831736,63,25
1563244838099,63,25
1563244845106,63,25
1563244845106,63,25
1563244865497,59,25
1563244867091,59,25
1563244868707,61,25
1563244899866,63,25.3
1563244900937,63,25.3
1563244902052,58,25.3
1563244903146,58,25.3
1563244904266,65,25.3
1563244905349,65,25.3
1563244909855,65,25.3
1563244910945,65,25.3
1563244912060,59,25.3
1563244913148,59,25.3
1563244914269,65,25.3
1563244915353,65,25.3
1563244916468,65,25.3
1563244917557,65,25.3
1563244918674,65,25.3
1563244919761,65,25.3
1563244920876,65,25.3
1563244921966,65,25.3
1563244923082,65,25.3
1563244924171,65,25.3
1563244925286,65,25.3
1563244926379,65,25.3
1563244927491,65,25.3
1563244928580,65,25.3
1563244929694,65,25.3
1563244930785,65,25.3
1563244931905,65,25.3
1563244932999,65,25.3
1563244934108,65,25.3
1563244935197,65,25.3
1563244936311,65,25.3
1563244937398,65,25.3
1563244938516,65,25.3
1563244939606,65,25.3
1563244940718,65,25.3
1563244941809,65,25.3
1563244942924,65,25.3
1563244944013,65,25.3
1563244945127,64,25.3
1563244946221,64,25.3
1563244947338,64,25.3
1563244948422,64,25.3
1563244949536,64,25.3
1563244950625,64,25.3
1563244951743,64,25.3
1563244952830,64,25.3
1563244953946,64,25.3
1563244955034,64,25.3
1563244956152,64,25.3
1563244957238,64,25.3
1563244958355,64,25.3
1563244959442,64,25.3
1563244960557,66,25.3
1563244961647,66,25.3
1563244962762,74,25.4
1563244963857,74,25.4
1563244964966,80,25.5
1563244966056,80,25.5
1563244967184,85,25.6
1563244968312,85,25.6
1563244969429,88,25.8
1563244970518,88,25.8
1563244971635,90,26
1563244972720,90,26
1563244973835,89,26.1
1563244974926,89,26.1
1563244976039,91,26.3
1563244977129,91,26.3
1563244978247,93,26.5
1563244979341,93,26.5
1563244980450,95,26.7
1563244981541,95,26.7
1563244982655,95,26.9
1563244983744,95,26.9
1563244984859,95,27.2
1563244985953,95,27.2
1563244987064,95,27.3
1563244988156,95,27.3
1563244989270,95,27.6
1563244990360,95,27.6
1563244991475,95,27.8
1563244992565,95,27.8
1563244993680,94,28
1563244994770,94,28
1563244995885,86,28.1
1563244996974,86,28.1
1563244998090,81,28.2
1563244999185,81,28.2
1563245000294,76,28.2
1563245001383,76,28.2
1563245002499,76,28.3
1563245003589,76,28.3
1563245004708,76,28.4
1563245005793,76,28.4
1563245006908,95,28.8
1563245007998,95,28.8
1563245009125,95,28.9
1563245010204,95,28.9
1563245011319,95,29.1
1563245012409,95,29.1
1563245013525,95,29.3
1563245014616,95,29.3
1563245015730,95,29.5
1563245016822,95,29.5
1563245017933,95,29.5
1563245019024,95,29.5
1563245021105,95,29.4
1563245021890,95,29.4
1563245022344,89,29.3
1563245025107,89,29.3
1563245025150,82,29.3
1563245025637,82,29.3
1563245026752,76,29.3
1563245027845,76,29.3
1563245031128,72,29.3
1563245031135,72,29.3
1563245031161,68,29.3
1563245032304,68,29.3
1563245035119,66,29.2
1563245035130,66,29.2
1563245035569,64,29.2
1563245036658,64,29.2
1563245046737,59,29.1
1563245047828,59,29.1
1563245048943,58,29
1563245050033,58,29
1563245051155,62,29
1563245054120,62,29
1563245058165,69,29.1
1563245058411,72,29.2
1563245062316,67,29.3
1563245063734,67,29.3
1563245066136,60,29.5
1563245067107,60,29.5
1563245068107,60,29.5
1563245068145,60,29.5
1563245069258,59,29.6
1563245070350,59,29.6
1563245071463,57,29.6
1563245072554,57,29.6
1563245073707,56,29.6
1563245077108,56,29.6
1563245077232,55,29.6
1563245077232,55,29.6
1563245078077,54,29.6
1563245079167,54,29.6
1563245085934,53,29.6
1563245085993,53,29.6
1563245086815,49,29.6
1563245087880,49,29.6
1563245090113,52,29.6
1563245092142,52,29.6
1563245092149,52,29.5
1563245092285,52,29.5
1563245093395,51,29.6
1563245094485,51,29.6
1563245101119,51,29.5
1563245102257,52,29.4
1563245103346,52,29.4
1563245104461,52,29.4
1563245105551,52,29.4
1563245106666,52,29.4
1563245107961,52,29.4
1563245108873,52,29.3
1563245109960,52,29.3
1563245111076,51,29.3
1563245112165,51,29.3
1563245113471,51,29.3
1563245118172,51,29.3
1563245120119,51,29.2
1563245120119,51,29.2
1563245120119,51,29.1
1563245120195,51,29.1
1563245120195,51,29.1
1563245120981,51,29.1
1563245122096,52,29
1563245125134,52,29
1563245125155,52,29
1563245125393,52,29
1563245126525,52,29
1563245127596,52,29
1563245131174,52,29
1563245134147,52,29
1563245134148,51,28.9
1563245134155,51,28.9
1563245134155,51,28.9
1563245137112,51,28.9
1563245137120,51,28.9
1563245137120,51,28.9
1563245147117,51,28.8
1563245147122,51,28.8
1563245147122,51,28.7
1563245147122,51,28.7
1563245147122,52,28.7
1563245147122,52,28.7
1563245147122,52,28.7
1563245147123,52,28.7
1563245147123,52,28.6
1563245147425,52,28.6
1563245148541,52,28.6
1563245149630,52,28.6
1563245150745,52,28.6
1563245151841,52,28.6
1563245152953,52,28.5
1563245154038,52,28.5
1563245155153,53,28.5
1563245156244,53,28.5
1563245157366,53,28.4
1563245158451,53,28.4
1563245159564,53,28.4
1563245160653,53,28.4
1563245161767,53,28.4
1563245162856,53,28.4
1563245163971,53,28.3
1563245165061,53,28.3
1563245166201,53,28.3
1563245167267,53,28.3
1563245168381,54,28.2
1563245169483,54,28.2
1563245170585,54,28.2
1563245171674,54,28.2
1563245172789,54,28.1
1563245173882,54,28.1
1563245174993,54,28.1
1563245176082,54,28.1
1563245177197,55,28.1
1563245178287,55,28.1
1563245179419,55,28
1563245180491,55,28
1563245181606,55,28
1563245182696,55,28
1563245183814,54,27.9
1563245184900,54,27.9
1563245186015,54,27.8
1563245187105,54,27.8
1563245188221,55,27.9
1563245189310,55,27.9
1563245190425,55,27.8
1563245191515,55,27.8
1563245192630,55,27.7
1563245193722,55,27.7
1563245194835,55,27.7
1563245195925,55,27.7
1563245197044,55,27.7
1563245198130,55,27.7
1563245199248,56,27.6
1563245200339,56,27.6
1563245201450,56,27.6
1563245202540,56,27.6
1563245203658,56,27.6
1563245204745,56,27.6
1563245205860,56,27.5
1563245206953,56,27.5
1563245208064,56,27.5
1563245209156,56,27.5
1563245210269,56,27.5
1563245211360,56,27.5
1563245212472,56,27.5
1563245213563,56,27.5
1563245214677,57,27.5
1563245215768,57,27.5
1563245216886,57,27.4
1563245217973,57,27.4
1563245219088,57,27.3
1563245220179,57,27.3
1563245221292,57,27.3
1563245222383,57,27.3
1563245223498,57,27.2
1563245224588,57,27.2
1563245225704,57,27.2
1563245226798,57,27.2
1563245227907,58,27.2
1563245228997,58,27.2
1563245230113,58,27.2
1563245231202,58,27.2
1563245232325,58,27.2
1563245233407,58,27.2
1563245234523,58,27.1
1563245235614,58,27.1
1563245236728,58,27.1
1563245237817,58,27.1
1563245238950,58,27
1563245240022,58,27
1563245241137,58,27.1
1563245242280,58,27.1
1563245244652,58,27
1563245244657,58,27
1563245245600,58,27
1563245246690,58,27
1563245247805,59,27
1563245248895,59,27
1563245250015,59,26.9
1563245251100,59,26.9
1563245253665,59,26.9
1563245253667,59,26.9
1563245254422,59,27
1563245255513,59,27
1563245256628,59,26.9
1563245257716,59,26.9
1563245258830,59,26.9
1563245259922,59,26.9
1563245261035,60,26.9
1563245262135,60,26.9
1563245263240,60,26.8
1563245264331,60,26.8
1563245265447,60,26.8
1563245266535,60,26.8
1563245267653,60,26.8
1563245268740,60,26.8
1563245269856,60,26.7
1563245270944,60,26.7
1563245272061,60,26.8
1563245274246,60,26.7
1563245275338,60,26.7
1563245276453,60,26.7
1563245277543,60,26.7
1563245278657,60,26.7
1563245279746,60,26.7
1563245280867,61,26.7
1563245281951,61,26.7
1563245283071,61,26.6
1563245284156,61,26.6
1563245285270,61,26.7
1563245286361,61,26.7
1563245287476,61,26.7
1563245289729,61,26.7
1563245289731,61,26.6
1563245290770,61,26.6
1563245291889,61,26.6
1563245292974,61,26.6
1563245294090,61,26.6
1563245295180,61,26.6
1563245296295,61,26.6
1563245297386,61,26.6
1563245298502,62,26.6
1563245299590,62,26.6
1563245300705,62,26.6
1563245301795,62,26.6
1563245302909,62,26.6
1563245304007,62,26.6
1563245305115,62,26.6
1563245306207,62,26.6
1563245307320,62,26.6
1563245308412,62,26.6
1563245309525,62,26.6
1563245310615,62,26.6
1563245311729,62,26.6
1563245312820,62,26.6
1563245313937,63,26.5
1563245315024,63,26.5
1563245316139,63,26.5
1563245317230,63,26.5
1563245318350,62,26.5
1563245319434,62,26.5
1563245320550,62,26.5
1563245321642,62,26.5
1563245322755,62,26.5
1563245323845,62,26.5
1563245324961,62,26.5
1563245326049,62,26.5
1563245327164,62,26.5
1563245328254,62,26.5
1563245329371,63,26.5
1563245330461,63,26.5
1563245331574,63,26.5
1563245332671,63,26.5
1563245333779,63,26.5
1563245334878,63,26.5
1563245335987,63,26.5
1563245337080,63,26.5
1563245338189,69,26.5
1563245339279,69,26.5
1563245340395,74,26.5
1563245341484,74,26.5
1563245342597,79,26.6
1563245343688,79,26.6
1563245353096,82,26.8
1563245354179,82,26.8
1563245355297,85,27.6
1563245356387,85,27.6
1563245376064,73,28.6
1563245377154,73,28.6
1563245378284,67,28.6
1563245379379,67,28.6
1563245386727,67,28.7
1563245386727,67,28.7
1563245386727,66,28.7
1563245386727,66,28.7
1563245386727,66,28.7
1563245386727,66,28.7
1563245387118,66,28.8
1563245388179,66,28.8
1563246871956,74,25.4
1563246871965,74,25.4
1563246873959,74,25.3
1563246874025,74,25.3
1563246877223,73,25.3
1563246877239,73,25.3
1563246877343,72,25.3
1563246878431,72,25.3
1563246879564,71,25.3
1563246880639,71,25.3
1563246881751,70,25.3
1563246882848,70,25.3
1563246883954,69,25.3
1563246885060,69,25.3
1563246886160,69,25.3
1563246887262,69,25.3
1563246888360,69,25.3
1563246889453,69,25.3
1563246890566,68,25.3
1563246891656,68,25.3
1563246892771,68,25.3
