1561385301649,49,24
1561385303270,49,24
1561385304917,48,24
1561385306541,48,24
1561385308188,49,24
1561385309808,49,24
1561385311456,49,24
1561385313077,49,24
1561385314728,49,24
1561385316348,49,24
1561385317993,49,24
1561385319616,49,24
1561385321262,49,24
1561385322884,49,24
1561385324532,53,24
1561385326153,53,24
1561385327801,71,24
1561385329427,71,24
1561385331070,81,24
1561385332692,81,24
1561385334338,87,24
1561385335960,87,24
1561385337608,91,24
1561385339230,91,24
1561385340876,87,25
1561385342499,87,25
1561385344146,87,25
1561385345768,87,25
1561385347415,89,25
1561385349036,89,25
1561385350683,92,25
1561385352306,92,25
1561385353953,94,25
1561385355575,94,25
1561385357225,95,25
1561385358845,95,25
1561385360491,95,25
1561385362113,95,25
1561385363761,88,25
1561385365383,88,25
1561385367030,78,26
1561385368652,78,26
1561385370299,71,26
1561385371923,71,26
1561385373568,65,26
1561385375189,65,26
1561385376838,61,26
1561385378458,61,26
1561385380105,58,26
1561385381728,58,26
1561385383375,56,26
1561385384997,56,26
1561385386644,54,26
1561385388265,54,26
1561385389912,53,26
1561385391534,53,26
1561385393182,51,26
1561385394805,51,26
1561385396451,50,26
1561385398073,50,26
1561385399722,50,26
1561385401342,50,26
1561385402988,49,26
1561385404611,49,26
1561385406258,49,26
1561385407879,49,26
1561385409526,49,26
1561385411148,49,26
1561385412795,49,26
1561385414420,49,26
1561385416065,48,26
1561385417687,48,26
1561385419335,48,26
1561385420955,48,26
1561385422602,48,26
1561385424225,48,26
1561385510166,48,25
1561385511788,48,25
1561385513435,47,25
1561385515058,47,25
1561385516706,48,25
1561385518326,48,25
1561385519973,48,25
1561385521596,48,25
1561385523242,48,25
1561385524863,48,25
1561385526511,47,25
1561385528133,47,25
1561385529780,47,25
1561385531402,47,25
1561385533048,47,25
1561385534671,47,25
1561385536321,47,25
1561385537940,47,25
1561385539587,47,25
1561385541209,47,25
1561385542856,47,25
1561385544478,47,25
1561385546124,47,25
1561385547747,47,25
1561385549394,47,25
1561385551016,47,25
1561385552663,47,25
1561385554285,47,25
1561385555937,48,25
1561385557554,48,25
1561385559200,48,25
1561385560823,48,25
1561385562470,48,25
1561385564092,48,25
1561385565739,48,25
1561385567364,48,25
1561385569008,48,25
1561385570630,48,25
1561385572276,48,25
1561385573899,48,25
1561385575545,48,25
1561385577168,48,25
1561385578814,48,25
1561385580436,48,25
1561385582084,48,25
1561385583705,48,25
1561385585353,48,25
1561385586974,48,25
1561385588622,48,25
1561385590245,48,25
1561385591890,48,25
1561385593518,48,25
1561385595159,48,25
1561385596781,48,25
1561385598431,48,25
1561385600050,48,25
1561385601698,48,25
1561385603320,48,25
1561385604969,48,25
1561385606589,48,25
1561385608236,48,25
1561385609858,48,25
1561385611505,48,25
1561385613127,48,25
1561385614774,48,25
1561385616396,48,25
1561385618043,48,25
1561385619665,48,25
1561385621312,48,25
1561385649964,48,25
1561385651587,48,25
1561385653233,48,25
1561385654855,48,25
1561385656503,49,25
