1563245531163,0,0
1563245532315,57,28
1563245542124,57,28
1563245542124,60,27
1563245542125,60,27
1563245542125,60,27
1563245542125,60,27
1563245542125,60,27
1563245542125,60,27
1563245542125,60,27
1563245542346,60,27
1563245543478,60,27
1563245550062,60,27
1563245550062,60,27
1563245550063,60,27
1563245550063,60,27
1563245550063,60,27
1563245550587,61,27
1563245551301,61,27
1563245552415,61,27
1563245553713,61,27
1563245554830,61,27
1563245555962,61,27
1563245557484,61,27
1563245558192,61,27
1563245559306,61,27
1563245560433,61,27
1563245561546,61,27
1563245562684,61,27
1563245563805,61,27
1563245571526,61,27
1563245571526,62,27
1563245571526,62,27
1563245571526,61,27
1563245571527,61,27
1563245571527,61,27
1563245571623,61,27
1563245572737,61,27
1563245628705,77,28
1563245629962,72,28
1563245632130,64,28
1563245632202,64,28
1563245633333,65,28
1563245634403,65,28
1563245635521,62,28
1563245636663,62,28
1563245637788,70,28
1563245640319,70,28
1563245641804,86,28
1563245641804,86,28
1563245643550,92,29
1563245643550,92,29
1563245644805,93,29
1563245645827,93,29
1563245647455,95,29
1563245649330,95,29
1563245649330,95,29
1563245651352,95,29
1563245651352,86,29
1563245654468,86,29
1563245654468,75,29
1563245656093,75,29
1563245656093,71,29
1563245658078,71,29
1563245658078,67,29
1563245659449,67,29
1563245661914,65,29
1563245661914,65,29
1563245665120,63,29
1563245665120,63,29
1563245665120,61,29
1563245667217,61,29
1563245667218,60,29
1563245670091,60,29
1563245670091,60,29
1563245671899,58,29
1563245671900,58,29
1563245672998,59,29
1563245673782,59,29
1563245674770,57,29
1563245675827,57,29
1563245676984,57,29
1563245678093,57,29
1563245679995,56,29
1563245681860,56,29
1563245681860,56,29
1563245683498,56,29
1563245686107,55,29
1563245686108,55,29
1563245686108,55,29
1563245688177,55,29
1563245688178,55,29
1563245689256,55,29
1563245691488,54,29
1563245693484,54,29
1563245693484,54,29
1563245695441,53,28
1563245695441,53,28
1563245702138,55,28
1563245702138,55,28
1563245702138,53,28
1563245702139,53,28
1563245702139,53,28
1563245702139,53,28
1563245702928,53,28
1563245703809,53,28
1563245705001,53,28
1563245706271,53,28
1563245707180,53,28
1563245710038,53,28
1563245711237,53,28
1563245712356,53,28
1563245713571,54,28
1563245715432,54,28
1563245719040,53,28
1563245719041,53,28
1563245719041,53,28
1563245720959,53,28
1563245720960,53,28
1563245860249,53,28
1563245942010,61,26
1563245943861,62,26
1563245946076,62,26
1563245946076,65,26
1563245947027,65,26
1563245947569,66,26
1563245948690,66,26
1563245949810,65,26
1563245951540,65,26
1563245953636,65,26
1563245953637,65,26
1563245957345,64,26
1563245957345,64,26
1563245957345,64,26
1563245961280,64,26
1563245961281,64,26
1563245961282,64,26
1563245961282,64,26
1563245964759,64,26
1563245964760,64,26
1563245964760,64,26
1563245968470,64,26
1563245968471,64,26
1563245968471,64,26
1563245970688,64,26
1563245970688,64,26
1563245972489,64,26
1563245972489,64,26
1563245973612,64,26
1563245975463,64,26
1563245978147,64,26
1563245978148,64,26
1563245978148,64,26
1563245981655,64,26
1563245981655,64,26
1563245981655,64,26
1563245983206,64,26
1563245985788,64,26
1563245985789,64,26
1563245985789,64,26
1563245986707,64,26
1563245989205,64,26
1563245989205,64,26
1563245990124,64,26
1563245991201,64,26
1563245992862,64,26
1563245993694,64,26
1563245995519,64,26
1563245997158,64,26
1563245997159,64,26
1563245997889,64,26
1563245999013,64,26
1563246000127,64,26
1563246001259,64,26
1563246002366,64,26
1563246003488,64,26
1563246004871,64,26
1563246005739,64,26
1563246006879,64,26
1563246007968,64,26
1563246009128,64,26
1563246010366,64,26
1563246011816,64,26
1563246012878,64,26
1563246013828,64,26
1563246014786,64,26
1563246015798,64,26
1563246016977,64,26
1563246018058,64,26
1563246019150,64,26
1563246020458,64,26
1563246021427,64,26
1563246022550,64,26
1563246027201,65,26
1563246028476,65,26
1563246028476,65,26
1563246028476,65,26
1563246028476,65,26
1563246030037,65,26
1563246032040,65,26
1563246032040,65,26
1563246033029,66,26
1563246034358,66,26
1563246035209,65,26
1563246036558,65,26
1563246037052,65,26
1563246038179,65,26
1563246039291,65,26
1563246040549,65,26
1563246041530,65,26
1563246042745,65,26
1563246044509,65,26
1563246046723,65,26
1563246046723,65,26
1563246055146,65,26
1563246055146,65,26
1563246057408,65,26
1563246057408,65,26
1563246057408,65,26
1563246057408,65,26
1563246057408,65,26
1563246057408,65,26
1563246057408,65,26
1563246058896,64,26
1563246058896,64,26
1563246060339,64,26
1563246063739,64,26
1563246063739,64,26
1563246063739,64,26
1563246066344,64,26
1563246066344,64,26
1563246066344,64,26
1563246067929,64,26
1563246068542,64,26
1563246069607,64,26
1563246070653,64,26
1563246072459,64,26
1563246072999,64,26
1563246073977,64,26
1563246075093,64,26
1563246081409,64,26
1563246082209,64,26
1563246082209,64,26
1563246082209,64,26
1563246082210,64,26
1563246082210,65,26
1563246084616,65,26
1563246084616,65,26
1563246085758,65,26
1563246087630,65,26
1563246087630,65,26
1563246090956,65,26
1563246090956,65,26
1563246091541,65,26
1563246092066,65,26
1563246093021,65,26
1563246094164,65,26
1563246095233,65,26
1563246096360,65,26
1563246097466,65,26
1563246098599,65,26
1563246099705,65,26
1563246100834,65,26
1563246101943,65,26
1563246103070,65,26
1563246104182,65,26
1563246105339,65,26
1563246106421,65,26
1563246107548,65,26
1563246108666,65,26
1563246109786,65,26
1563246110914,65,26
1563246112026,65,26
1563246113139,65,26
1563246114271,65,26
1563246115386,65,26
1563246116506,65,26
1563246117616,65,26
1563246118744,65,26
1563246119865,65,26
1563246120991,65,26
1563246122096,65,26
1563246123220,65,26
1563246124338,65,26
1563246125461,65,26
1563246126572,65,26
1563246127698,65,26
1563246128819,66,26
1563246129942,66,26
1563246131053,66,26
1563246132183,66,26
1563246133291,66,26
1563246134423,66,26
1563246135532,66,26
1563246136660,66,26
1563246137767,66,26
1563246138893,66,26
1563246140008,66,26
1563246141134,66,26
1563246142246,66,26
1563246143373,66,26
1563246144506,66,26
1563246145611,66,26
1563246146724,66,26
1563246147851,66,26
1563246148967,66,26
1563246150102,66,26
1563246151202,66,26
1563246152329,66,26
1563246155188,66,26
1563246155198,66,26
1563246155685,66,26
1563246156805,66,26
1563246157937,66,26
1563246159048,66,26
1563246162151,66,26
1563246162160,66,26
1563246162400,66,26
1563246163523,66,26
1563246164640,66,26
1563246165765,66,26
1563246166883,66,26
1563246167999,66,26
1563246171162,66,26
1563246171181,66,26
1563246171358,66,26
1563246175157,66,26
1563246175162,66,26
1563246175162,66,26
1563246175832,66,26
1563246176961,66,26
1563246178070,66,26
1563246179193,66,26
1563246180306,66,26
1563246181431,66,26
1563246182557,66,26
1563246183686,66,26
1563246184795,66,26
1563246185913,66,26
1563246187022,66,26
1563246188148,66,26
1563246189271,66,26
1563246190391,66,26
1563246191518,66,26
1563246192631,66,26
1563246193757,66,26
1563246194870,69,26
1563246195995,69,26
1563246197108,65,25
1563246198234,65,25
1563246199351,66,26
1563246200474,66,26
1563246201587,65,25
1563246202715,65,25
1563246203833,66,26
1563246204956,66,26
1563246206067,65,25
1563246207236,65,25
1563246210156,65,25
1563246210194,65,25
1563246210542,65,25
1563246211669,65,25
1563246212852,65,25
1563246219158,65,25
1563246219166,66,25
1563246219166,66,25
1563246219166,66,25
1563246219166,66,25
1563246219501,68,25
1563246220629,68,25
1563246221734,67,25
1563246228179,67,25
