1563245274877,100,100
1563245274971,100,100
1563245275030,100,100
1563245275106,100,100
1563245275180,100,100
1563245275251,100,100
1563245275317,100,100
1563245275388,100,100
1563245275472,100,100
1563245275631,100,100
1563245275688,100,100
1563245275722,100,100
1563245275758,100,100
1563245275866,100,100
1563245275935,100,100
1563245275952,100,100
1563245276049,100,100
1563245276064,100,100
1563245276159,100,100
1563245276240,100,100
1563245276309,100,100
1563245276379,100,100
1563245276450,100,100
1563245276517,100,100
1563245276589,100,100
1563245276671,100,100
1563245276734,100,100
1563245276809,100,100
1563245276872,100,100
1563245276938,100,100
1563245277011,100,100
1563245277176,100,100
1563245277202,100,100
1563245277278,100,100
1563245277336,100,100
1563245277341,100,100
1563245277456,100,100
1563245277480,100,100
1563245277546,100,100
1563245277691,100,100
1563245277716,100,100
1563245277798,100,100
1563245277823,100,100
1563245277931,100,100
1563245278000,100,100
1563245278178,100,100
1563245278232,100,100
1563245278260,100,100
1563245278295,100,100
1563245278412,100,100
1563245278428,100,100
1563245278524,100,100
1563245278542,100,100
1563245278652,100,100
1563245278670,100,100
1563245278804,100,100
1563245278820,100,100
1563245278922,100,100
1563245278988,100,100
1563245279053,100,100
1563245279124,100,100
1563245279200,100,100
1563245279344,100,100
1563245279427,100,100
1563245279492,100,100
1563245279555,100,100
1563245279561,100,100
1563245279651,100,100
1563245279746,100,100
1563245279824,100,100
1563245279832,100,100
1563245279979,100,100
1563245280008,100,100
1563245280018,100,100
1563245280162,100,100
1563245280191,100,100
1563245280412,100,100
1563245280445,100,100
1563245280452,100,100
1563245280453,100,100
1563245280602,100,100
1563245280625,100,100
1563245280694,100,100
1563245280779,100,100
1563245280809,100,100
1563245280926,100,100
1563245280962,100,100
1563245281073,100,100
1563245281094,100,100
1563245281164,100,100
1563245281294,100,100
1563245281377,100,100
1563245281386,100,100
1563245281505,100,100
1563245281533,100,100
1563245281603,100,100
1563245281804,100,100
1563245281885,100,100
1563245281965,100,100
1563245281966,100,100
1563245281967,100,100
1563245282099,100,100
1563245282176,100,100
1563245282298,100,100
1563245282299,100,100
1563245282300,100,100
1563245282625,100,100
1563245282663,100,100
1563245282679,100,100
1563245282680,100,100
1563245282681,100,100
1563245282825,100,100
1563245282943,100,100
1563245282952,100,100
1563245282952,100,100
1563245283092,100,100
1563245283382,100,100
1563245283505,100,100
1563245283506,100,100
1563245283506,100,100
1563245283507,100,100
1563245283507,100,100
1563245283507,100,100
1563245283701,100,100
1563245283754,100,100
1563245283755,100,100
1563245283794,100,100
1563245283925,100,100
1563245284193,100,100
1563245284267,100,100
1563245284361,100,100
1563245284424,100,100
1563245284435,100,100
1563245284436,100,100
1563245284437,100,100
1563245284438,100,100
1563245284635,100,100
1563245284650,100,100
1563245284697,100,100
1563245284760,100,100
1563245284833,100,100
1563245284876,100,100
1563245284960,100,100
1563245285000,100,100
1563245285074,100,100
1563245285324,100,100
1563245285341,100,100
1563245285404,100,100
1563245285504,100,100
1563245285580,100,100
1563245285591,100,100
1563245285655,100,100
1563245285745,100,100
1563245285804,100,100
1563245285854,100,100
1563245285918,100,100
1563245285978,100,100
1563245286054,100,100
1563245286107,100,100
1563245286179,100,100
1563245286223,100,100
1563245286314,100,100
1563245286515,100,100
1563245286629,100,100
1563245286703,100,100
1563245286715,100,100
1563245286778,100,100
1563245286878,100,100
1563245286948,100,100
1563245286994,100,100
1563245287061,100,100
1563245287071,100,100
1563245521739,0,0
1563245522870,0,0
1563245551241,0,0
1563245552373,0,0
1563245621172,0,0
1563245622465,0,0
1563245623616,0,0
1563245624698,0,0
1563245625820,0,0
1563245626941,0,0
1563245628302,0,0
1563245629426,0,0
1563245630553,0,0
1563245631693,0,0
1563245632799,0,0
1563245633937,0,0
1563245635068,0,0
1563245638141,0,0
1563245641135,0,0
1563245641136,0,0
1563245641136,0,0
1563245642953,0,0
1563245642953,0,0
1563245644492,0,0
1563245644492,0,0
1563245645225,0,0
1563245646539,0,0
1563245648117,0,0
1563245649890,0,0
1563245649890,0,0
1563245651934,0,0
1563245651934,0,0
1563245654597,0,0
1563245654597,0,0
1563245656080,0,0
1563245658074,0,0
1563245658074,0,0
1563245659438,0,0
1563245661910,0,0
1563245661910,0,0
1563245675585,0,0
1563245676713,0,0
1563245677821,0,0
1563245679501,0,0
1563245681627,0,0
1563245681627,0,0
1563245683386,0,0
1563245686061,0,0
1563245686061,0,0
1563245686061,0,0
1563245688089,0,0
1563245688090,0,0
1563245689060,0,0
1563245690468,0,0
1563245692646,0,0
1563245692646,0,0
1563245694783,0,0
1563245694783,0,0
1563245696334,0,0
1563245697879,0,0
1563245701246,0,0
1563245701247,0,0
1563245701247,0,0
1563245702429,0,0
1563245703037,0,0
1563245703928,0,0
1563245704804,0,0
1563245706122,0,0
1563245707325,0,0
1563245708515,0,0
1563245709288,0,0
1563245710391,0,0
1563245711512,0,0
1563245712673,0,0
1563245713781,0,0
1563245715455,0,0
1563245718835,0,0
1563245718835,0,0
1563245718836,0,0
1563245720394,0,0
1563245721601,0,0
1563245722686,0,0
1563245723726,0,0
1563245726134,0,0
1563245726134,0,0
1563245729842,0,0
1563245729842,0,0
1563245729842,0,0
1563245729843,0,0
1563245734359,0,0
1563245734359,0,0
1563245734359,0,0
1563245734359,0,0
1563245737165,0,0
1563245737165,0,0
1563245738627,0,0
1563245738627,0,0
1563245740342,0,0
1563245743258,0,0
1563245743258,0,0
1563245743258,0,0
1563245746075,0,0
1563245746076,0,0
1563245749923,0,0
1563245749923,0,0
1563245749923,0,0
1563245749923,0,0
1563245752796,0,0
1563245752796,0,0
1563245755451,0,0
1563245755451,0,0
1563245755452,0,0
1563245758492,0,0
1563245758493,0,0
1563245763874,0,0
1563245763875,0,0
1563245763875,0,0
1563245763875,0,0
1563245763875,0,0
1563245767105,0,0
1563245767105,0,0
1563245767105,0,0
1563245771372,0,0
1563245771372,0,0
1563245771372,0,0
1563245771373,0,0
1563245772386,0,0
1563245773430,0,0
1563245774533,0,0
1563245775765,0,0
1563245778943,0,0
1563245778943,0,0
1563245782006,0,0
1563245782007,0,0
1563245782007,0,0
1563245784679,0,0
1563245784679,0,0
1563245784679,0,0
1563245786291,0,0
1563245787030,0,0
1563245788061,0,0
1563245789544,0,0
1563245791794,0,0
1563245791795,0,0
1563245793323,0,0
1563245801004,0,0
1563245801004,0,0
1563245801769,0,0
1563245801769,0,0
1563245801770,0,0
1563245801770,0,0
1563245801770,0,0
1563245801770,0,0
1563245803347,0,0
1563245806900,0,0
1563245806901,0,0
1563245806901,0,0
1563245808896,0,0
1563245808896,0,0
1563245810598,0,0
1563245810598,0,0
1563245811462,0,0
1563245813953,0,0
1563245813953,0,0
1563245815799,0,0
1563245816838,0,0
1563245817547,0,0
1563245818209,0,0
1563245819590,0,0
1563245820563,0,0
1563245823023,0,0
1563245823023,0,0
1563245826408,0,0
1563245826408,0,0
1563245826409,0,0
1563245838154,0,0
1563245838154,0,0
1563245838154,0,0
1563245839462,0,0
1563245839462,0,0
1563245839462,0,0
1563245839463,0,0
1563245839463,0,0
1563245839463,0,0
1563245839463,0,0
1563245839463,0,0
1563245841917,0,0
1563245841917,0,0
1563245841918,0,0
1563245842916,0,0
1563245844441,0,0
1563245845162,0,0
1563245875890,100,100
1563245875954,100,100
1563245876021,100,100
1563245876091,100,100
1563245876171,100,100
1563245876238,100,100
1563245876304,100,100
1563245876371,100,100
1563245876440,100,100
1563245876521,100,100
1563245876591,100,100
1563245876665,100,100
1563245876724,100,100
1563245876792,100,100
1563245876871,100,100
1563245876938,100,100
1563245877005,100,100
1563245877072,100,100
1563245877142,100,100
1563245877222,100,100
1563245877298,100,100
1563245877355,100,100
1563245877423,100,100
1563245877492,100,100
1563245877573,100,100
1563245877638,100,100
1563245877705,100,100
1563245877775,100,100
1563245877856,100,100
1563245877923,100,100
1563245878007,100,100
1563245878195,100,100
1563245878209,100,100
1563245878212,100,100
1563245878289,100,100
1563245878356,100,100
1563245878440,100,100
1563245878491,100,100
1563245878573,100,100
1563245878640,100,100
1563245878711,100,100
1563245878773,100,100
1563245878851,100,100
1563245878924,100,100
1563245878990,100,100
1563245879056,100,100
1563245879123,100,100
1563245879191,100,100
1563245879274,100,100
1563245879341,100,100
1563245879407,100,100
1563245879474,100,100
1563245879669,100,100
1563245879684,100,100
1563245879690,100,100
1563245879758,100,100
1563245879828,100,100
1563245879907,100,100
1563245879974,100,100
1563245880041,100,100
1563245880109,100,100
1563245880176,100,100
1563245880258,100,100
1563245880325,100,100
1563245880392,100,100
1563245880459,100,100
1563245880528,100,100
1563245880609,100,100
1563245880675,100,100
1563245880910,100,100
1563245880935,100,100
1563245880936,100,100
1563245880977,100,100
1563245881041,100,100
1563245881114,100,100
1563245881194,100,100
1563245881259,100,100
1563245881328,100,100
1563245881392,100,100
1563245881461,100,100
1563245881543,100,100
1563245881611,100,100
1563245881677,100,100
1563245881743,100,100
1563245881896,100,100
1563245881901,100,100
1563245881959,100,100
1563245882026,100,100
1563245882094,100,100
1563245882165,100,100
1563245882243,100,100
1563245882310,100,100
1563245882378,100,100
1563245882445,100,100
1563245990896,0,0
1563245992534,0,0
1563245993469,0,0
1563245995424,0,0
1563245995424,0,0
1563245997123,0,0
1563245997123,0,0
1563246003147,0,0
1563246003585,0,0
1563246003585,0,0
1563246003585,0,0
1563246003586,0,0
1563246004025,0,0
1563246004888,0,0
1563246006027,0,0
1563246007138,0,0
1563246008276,0,0
1563246009395,0,0
1563246010672,0,0
1563246012116,0,0
1563246013209,0,0
1563246013889,0,0
1563246015079,0,0
1563246016120,0,0
1563246017240,0,0
1563246018368,0,0
1563246019496,0,0
1563246024161,0,0
1563246024912,0,0
1563246024912,0,0
1563246024912,0,0
1563246025301,0,0
1563246026318,0,0
1563246027422,0,0
1563246028614,0,0
1563246030279,0,0
1563246036145,0,0
1563246036146,0,0
1563246036624,0,0
1563246036624,0,0
1563246036624,73,25
1563246036624,73,25
1563246037439,74,25
1563246038570,74,25
1563246040081,72,25
1563246041189,72,25
1563246045152,72,25
1563246049893,72,25
1563246049894,71,25
1563246049894,71,25
1563246049894,75,25
1563246052010,75,25
1563246052010,76,25
1563246052011,76,25
1563246052011,75,26
1563246052011,75,26
1563246053114,74,26
1563246060159,74,26
1563246069932,73,26
1563246069933,73,26
1563246069933,72,26
1563246069933,72,26
1563246069933,72,26
1563246069933,72,26
1563246069933,71,26
1563246069934,71,26
1563246070757,71,26
1563246070757,71,26
1563246070757,71,26
1563246070757,71,26
1563246070757,71,26
1563246070757,71,26
1563246072526,70,26
1563246072527,70,26
1563246073244,70,26
1563246080200,70,26
1563246081479,70,26
1563246081479,70,26
1563246081479,70,26
1563246081479,70,26
1563246081480,70,26
1563246081480,70,26
1563246082255,69,26
1563246084614,69,26
1563246084614,69,26
1563246085759,69,26
1563246087617,69,26
1563246096393,69,26
1563246096393,69,26
1563246096393,69,26
1563246096395,69,26
1563246096395,69,26
1563246096395,69,26
1563246096395,69,26
1563246096396,69,26
1563246096745,69,26
1563246097864,69,26
1563246098974,69,26
1563246107148,69,26
1563246107152,69,26
1563246107152,69,26
1563246107152,69,26
1563246107152,68,26
1563246107153,68,26
1563246107153,68,26
1563246107927,68,26
1563246109041,68,26
1563246114492,68,26
1563246114532,68,26
1563246114532,68,26
1563246114532,68,26
1563246118398,68,26
1563246118400,68,26
1563246118400,68,26
1563246118401,68,26
1563246119120,68,26
1563246120227,68,26
1563246121352,68,26
1563246122466,68,26
1563246123592,68,26
1563246124706,68,26
1563246126959,68,26
1563246129163,68,26
1563246129174,68,26
1563246129193,68,26
1563246130313,68,26
1563246131420,68,26
1563246132570,68,26
1563246133672,68,26
1563246134810,68,26
1563246135898,68,26
1563246137039,68,26
1563246138137,68,26
1563246139263,68,26
1563246140385,68,26
1563246141506,68,26
1563246142623,68,26
1563246143745,68,26
1563246144859,68,26
1563246145980,68,26
1563246147105,68,26
1563246148220,68,26
1563246149332,68,26
1563246150459,68,26
1563246151588,68,26
1563246152701,68,26
1563246153834,68,26
1563246154961,68,26
1563246156072,68,26
1563246157196,68,26
1563246158311,70,26
1563246159437,70,26
1563246160557,68,26
1563246161676,68,26
1563246162788,68,26
1563246163915,68,26
1563246167170,68,26
1563246167175,68,26
1563246170158,68,26
1563246170164,68,26
1563246170164,68,26
1563246174152,70,26
1563246174154,70,26
1563246174155,68,26
1563246174155,68,26
1563246175107,68,26
1563246176233,68,26
1563246177346,68,26
1563246178474,68,26
1563246179586,67,25
1563246180711,67,25
1563246181825,68,26
1563246182951,68,26
1563246184092,68,26
1563246185192,68,26
1563246186302,67,25
1563246187428,67,25
1563246188542,68,26
1563246189667,68,26
1563246190780,67,25
1563246191906,67,25
1563246193019,67,25
1563246194145,67,25
1563246195258,67,25
1563246196394,67,25
1563246197499,67,25
1563246198626,67,25
1563246199738,67,25
1563246200863,67,25
1563246201975,67,25
1563246203109,67,25
1563246204215,67,25
1563246205340,67,25
1563246206479,67,25
1563246211154,67,25
1563246211159,67,25
1563246211159,67,25
1563246211159,67,25
